Task_ID	Task_Type	Task_Lenght	TaskInputType	TaskStartTime	NetworkDelay	Uploading Delay	ExecutionDelay	ServiceTime	Downloading Delay	EndTime	offloadingPlace	IoTenergy	EdgeEnergy	CloudEnergy	
5	1	428	25	18.92869737249119	0.39650756385068764	0.2488350319253438	0.021399999999998975	0.4179075638506866	0.14767253192534383	19.346604936341876	Cloud	0.7393936149312366	0.0	43.04447907662072	
6	1	574	1323	19.967771702989936	5.626151313850688	5.463678781925344	0.028700000000000614	5.654851313850688	0.1624725319253438	25.622623016840624	Cloud	10.161512364931239	0.0	582.4496853266209	
1	3	40	2359	15.988245590211646	10.9330375	10.7734375	5.178762220644996	16.111799720644996	0.1596	32.10004531085664	Cloud	25.893982164773995	0.0	1659.5153712264346	
7	1	143	1112	27.553726560856642	4.39111875	4.38671875	4.977036875916951	9.368155625916952	0.0044	36.921882186773594	Cloud	13.876458001100342	0.0	964.920029469446	
8	0	341	727	33.4956071867736	3.481475	3.421875	0.017050000000000676	3.4985250000000008	0.0596	36.9941321867736	Cloud	6.287115000000001	0.0	360.3480750000001	
11	0	926	803	44.76922097724271	4.277875	4.171875	0.046300000000004005	4.324175000000004	0.106	49.093395977242714	Cloud	7.755735000000005	0.0	445.3900250000004	
14	0	4152	989	51.25821096064481	4.1750513138506875	4.026178781925344	0.20759999999999934	4.382651313850687	0.1488725319253438	55.6408622744955	Cloud	7.764212364931237	0.0	451.4130853266207	
13	0	8604	1320	50.45061071501697	5.742760031925344	5.5546875	0.43019999999999836	6.172960031925342	0.18807253192534382	56.62357074694231	Cloud	10.853208057465617	0.0	635.8148832883103	
15	0	132	330	54.553130754085984	3.9735763138506877	3.604303781925344	10.350352795672775	14.323929109523462	0.3692725319253438	68.87705986360945	Cloud	19.572860719738568	0.0	1475.3646982809166	
16	0	3502	2667	56.262858549758754	12.564201313850688	12.244928781925344	0.17510000000000758	12.739301313850696	0.31927253192534377	69.00215986360945	Cloud	22.82568236493125	0.0	1312.1480353266218	
19	0	382	719	67.88438100102802	4.812720063850688	4.506647531925344	0.01909999999998302	4.831820063850671	0.3060725319253438	72.71620106487869	Cloud	8.685816114931217	0.0	497.6774665766191	
18	0	865	2809	64.1788739547662	12.545297531925344	12.412897531925344	0.04324999999999868	12.588547531925343	0.1324	76.76742148669155	Cloud	22.63343555746562	0.0	1296.6203957883104	
23	0	2954	654	97.63768865492494	3.791441281925344	3.54296875	0.14770000000000083	3.9391412819253446	0.2484725319253438	101.57682993685029	Cloud	7.00183430746562	0.0	405.7315520383105	
24	0	312	1514	101.01132270819106	11.784341281925343	11.252741281925344	0.01559999999999917	11.799941281925342	0.5316	112.8112639901164	Cloud	21.230534307465618	0.0	1215.3939520383103	
25	0	1484	25	113.69270564721164	4.17998125	3.80078125	0.07420000000000204	4.254181250000002	0.3792	117.94688689721164	Cloud	7.613006250000002	0.0	438.1806687500002	
26	2	405	196	118.2791311385477	1.49338125	1.42578125	0.020250000000002988	1.513631250000003	0.0676	119.7927623885477	Cloud	2.712386250000004	0.0	155.90401875000032	
27	0	6143	861	122.1818968854558	3.74223125	3.70703125	0.30714999999999604	4.049381249999996	0.0352	126.2312781354558	Cloud	7.104596249999996	0.0	417.0862687499996	
30	0	755	1405	130.91690198124627	6.1643625	6.1015625	0.037749999999998174	6.202112499999998	0.0628	137.11901448124627	Cloud	11.141152499999999	0.0	638.8175874999998	
31	0	1707	144	153.05115191269428	1.4323625	1.3515625	0.08535000000001602	1.517712500000016	0.0808	154.5688644126943	Cloud	2.680672500000019	0.0	156.32438750000165	
32	0	2169	2832	159.32536975881138	11.924610031925344	11.7109375	0.10845000000000127	12.033060031925345	0.2136725319253438	171.35842979073672	Cloud	21.59443805746562	0.0	1239.4051832883106	
33	0	1653	2093	161.72505486585243	19.527916281925346	18.487116281925346	0.08264999999999745	19.610566281925344	1.0408	181.33562114777777	Cloud	35.24942930746562	0.0	2019.8883270383103	
35	0	1449	993	182.12757033041834	4.168285031925344	4.0078125	0.07244999999999546	4.24073503192534	0.1604725319253438	186.36830536234368	Cloud	7.589853057465614	0.0	436.79570828831	
37	0	6407	49	185.06735536736988	1.4161013138506877	1.1824287819253438	0.3203500000000059	1.7364513138506936	0.23367253192534382	186.80380668122058	Cloud	2.933402364931245	0.0	178.85448532662144	
36	0	316	1181	182.4444642380203	5.325532563850688	5.139460031925344	0.01580000000001114	5.341332563850699	0.18607253192534381	187.785796801871	Cloud	9.604918614931252	0.0	550.1572540766219	
40	0	2052	970	187.853563711909	5.130026313850688	4.885553781925344	0.1025999999999998	5.232626313850687	0.2444725319253438	193.0861900257597	Cloud	9.357167364931238	0.0	538.9605103266208	
39	0	3027	1356	186.46371969099343	6.659370063850687	6.412897531925344	0.15135000000002208	6.8107200638507095	0.2464725319253438	193.27443975484414	Cloud	12.168486114931264	0.0	701.5041665766231	
38	0	6106	3068	185.98732985888878	12.683707563850687	12.498835031925344	0.30530000000000435	12.989007563850691	0.1848725319253438	198.97633742273948	Cloud	23.19703361493124	0.0	1337.8677790766212	
41	0	5351	6067	187.88321919252672	26.27952253192534	26.053522531925342	0.2675500000000106	26.54707253192535	0.226	214.43029172445208	Cloud	47.62420055746563	0.0	2734.3484707883113	
43	0	7821	1189	232.26775276052885	7.6942162819253435	7.27734375	0.3910500000000132	8.085266281925357	0.4168725319253438	240.3530190424542	Cloud	14.318849307465635	0.0	832.7824270383118	
44	0	2020	612	235.30963988627	9.398613813850687	8.627741281925344	0.10099999999999909	9.499613813850686	0.7708725319253439	244.80925370012068	Cloud	17.038704864931237	0.0	978.4602228266207	
45	0	1574	3361	238.43605941236405	13.595701313850688	13.432428781925344	0.07870000000000665	13.674401313850694	0.1632725319253438	252.11046072621474	Cloud	24.56670236493125	0.0	1408.4633353266215	
46	0	516	1889	246.1557424697386	11.582666281925343	11.205866281925344	0.025799999999987833	11.608466281925331	0.3768	257.76420875166394	Cloud	20.879759307465605	0.0	1195.6720270383091	
47	0	6793	316	275.8270559168315	5.57938125	5.17578125	0.3396499999999891	5.919031249999989	0.4036	281.7460871668315	Cloud	10.450466249999987	0.0	609.6602187499989	
51	0	959	919	287.39804067381283	5.766220063850688	5.444147531925344	0.047950000000036574	5.8141700638507245	0.3220725319253438	293.21221073766355	Cloud	10.436736114931282	0.0	598.8595165766246	
50	0	755	1612	286.44529415720905	7.667982563850687	7.420710031925344	0.03775000000000084	7.705732563850688	0.24727253192534382	294.15102672105974	Cloud	13.847668614931239	0.0	793.6904540766209	
49	0	5160	2431	286.2747743463204	9.686428781925343	9.53515625	0.2580000000000098	9.944428781925353	0.15127253192534382	296.21920312824574	Cloud	17.745171807465628	0.0	1024.2761645383114	
54	0	46	1182	294.4570209869516	5.6687725319253435	5.584772531925344	0.10505623588433188	5.773828767809675	0.084	300.23084975476127	Cloud	10.329858040526817	0.0	594.7043630843966	
52	0	1893	2415	289.7144209728359	10.519628781925343	10.432428781925344	0.09465000000000678	10.61427878192535	0.0872	300.32869975476126	Cloud	19.04891180746563	0.0	1093.270714538311	
56	0	3374	765	307.08692517033234	3.1820625	3.1640625	0.16869999999997365	3.3507624999999734	0.018	310.4376876703323	Cloud	5.930152499999968	0.0	345.12853749999726	
57	0	4085	2036	311.6550296532295	8.5990625	8.5390625	0.2042500000000036	8.803312500000004	0.06	320.4583421532295	Cloud	15.723412500000006	0.0	906.7411875000005	
59	0	3834	387	330.9524021655457	2.2653125	2.1953125	0.19170000000001908	2.457012500000019	0.07	333.40941466554574	Cloud	4.307602500000023	0.0	253.07228750000195	
60	2	1738	1281	344.73408944985243	5.323428781925344	5.16015625	0.08689999999998577	5.41032878192533	0.1632725319253438	350.14441823177776	Cloud	9.686451807465602	0.0	557.263864538309	
63	0	4059	1	347.29827332440567	3.4290950638506876	2.991022531925344	0.20294999999999508	3.6320450638506827	0.4380725319253438	350.93031838825635	Cloud	6.415911114931232	0.0	374.1006415766203	
61	0	1387	1362	344.7378731054196	7.4536263138506875	7.135553781925344	0.06934999999998936	7.522976313850677	0.3180725319253438	352.2608494192703	Cloud	13.499747364931224	0.0	774.8665603266197	
68	0	183	180	352.20830080764534	1.3680075638506877	1.1863350319253438	3.135113532193225	4.5031210960439125	0.18167253192534383	356.71142190368926	Cloud	6.224549853563108	0.0	463.821472892523	
72	1	321	117	356.16713572928916	0.8506200638506877	0.6941475319253438	0.01604999999998913	0.8666700638506768	0.15647253192534383	357.03380579313983	Cloud	1.5503761149312247	0.0	89.26701657661971	
65	0	3507	1718	347.86294558983855	8.999276313850688	8.666803781925344	0.175350000000007	9.174626313850695	0.3324725319253438	357.03757190368924	Cloud	16.409117364931248	0.0	944.9865103266216	
70	0	17	193	354.26068425097327	2.8010950638506875	2.491022531925344	0.10957647831590922	2.9106715421665967	0.3100725319253438	357.17135579313987	Cloud	5.173462888910329	0.0	299.79916884315946	
67	0	3702	1947	348.83382216994255	8.941266281925344	8.830866281925344	0.1851000000000127	9.126366281925357	0.1104	357.9601884518679	Cloud	16.316399307465634	0.0	940.0157270383118	
66	0	1644	2349	348.56259210569243	9.659801313850688	9.494928781925344	0.08220000000003402	9.742001313850722	0.16487253192534382	358.30459341954315	Cloud	17.48628236493128	0.0	1003.4261353266243	
64	0	527	2401	347.35987043919187	11.090207563850688	10.811335031925344	0.026349999999988327	11.116557563850677	0.2788725319253438	358.47642800304254	Cloud	19.993993614931224	0.0	1145.0054290766197	
69	1	144	1708	353.59831454854174	6.956947531925344	6.944147531925344	1.5801356795485404	8.537083211473885	0.0128	362.1353977600156	Cloud	14.418668372923868	0.0	879.3195707818102	
71	0	1674	1610	355.29173147809024	6.871266281925344	6.830866281925344	0.08370000000000744	6.954966281925351	0.0404	362.2466977600156	Cloud	12.468719307465628	0.0	716.3615270383111	
74	0	64	118	373.0336005034646	0.81835625	0.78515625	3.763759455076433	4.582115705076433	0.0332	377.615716208541	Cloud	5.98955259609172	0.0	471.95791762287257	
73	0	3652	2074	358.059078708541	20.6930375	19.5234375	0.182599999999983	20.875637499999982	1.1696	378.934716208541	Cloud	37.46658749999998	0.0	2150.1906624999983	
75	0	2687	974	373.7970441643945	6.092166281925344	5.893366281925344	0.13434999999999775	6.226516281925342	0.1988	380.02356044631983	Cloud	11.127119307465616	0.0	641.3311770383102	
77	1	752	781	382.31297941519904	3.356525	3.328125	0.0375999999999741	3.394124999999974	0.0284	385.707104415199	Cloud	6.086864999999968	0.0	349.59487499999733	
78	0	672	804	393.4527090814076	6.2764350319253435	5.8515625	0.03359999999999452	6.310035031925338	0.4248725319253438	399.76274411333293	Cloud	11.337903057465613	0.0	649.9336082883099	
80	3	85	720	400.1561410579653	3.2060888138506876	3.049616281925344	1.109459230467376	4.315548044318064	0.15647253192534383	404.4716891022834	Cloud	7.102310941492089	0.0	444.50144856476055	
79	0	2954	1234	399.0702877884327	5.420601313850687	5.244928781925344	0.14769999999998085	5.568301313850668	0.17567253192534382	404.6385891022834	Cloud	9.934322364931214	0.0	573.5350353266188	
81	0	4144	1046	400.4151237791413	7.403470063850688	6.975397531925344	0.20720000000001715	7.610670063850705	0.4280725319253438	408.025793842992	Cloud	13.57488611493126	0.0	783.8990165766227	
82	3	82	1247	403.9573139814272	5.883922531925344	5.803522531925344	2.0194870794376305	7.903409611362974	0.0804	411.8607235927902	Cloud	13.014445052790776	0.0	814.0511899703863	
83	0	353	987	404.11351981086483	8.189276313850687	7.666803781925344	0.017650000000028143	8.206926313850715	0.5224725319253438	412.32044612471555	Cloud	14.761877364931271	0.0	845.3134103266236	
84	1	366	1304	413.2983414655854	5.301310031925344	5.1484375	0.018300000000034622	5.319610031925379	0.1528725319253438	418.6179514975108	Cloud	9.56431805746566	0.0	547.9198332883141	
87	0	5965	410	418.58407274234594	3.5454013138506877	3.244928781925344	0.2982499999999835	3.843651313850671	0.30047253192534384	422.4277240561966	Cloud	6.739622364931218	0.0	395.89608532661913	
86	0	2314	733	416.3324791874254	8.351163813850688	7.721491281925344	0.11570000000000569	8.466863813850694	0.6296725319253438	424.7993430012761	Cloud	15.170934864931246	0.0	872.0869728266214	
85	0	1683	2687	414.4443504244541	11.669113813850688	11.440241281925344	0.0841500000000206	11.753263813850708	0.22887253192534382	426.1976142383048	Cloud	21.105384864931263	0.0	1210.586172826623	
88	0	671	707	423.4240261606807	8.963578781925344	8.401178781925344	0.03355000000002484	8.997128781925369	0.5624	432.42115494260605	Cloud	16.17470180746565	0.0	926.704264538313	
92	2	10362	454	435.8383506165739	2.5588950638506875	2.366022531925344	0.5181000000000009	3.0769950638506884	0.19287253192534382	438.9153456804246	Cloud	5.227731114931238	0.0	316.9304915766209	
91	0	943	1151	432.84345884576993	10.29230625	9.75390625	0.04715000000001268	10.339456250000012	0.5384	443.18291509576994	Cloud	18.582731250000013	0.0	1064.9639937500012	
93	1	502	126	447.230415263446	0.518025	0.515625	0.025100000000031875	0.5431250000000318	0.0024	447.773540263446	Cloud	0.9625650000000382	0.0	55.94187500000328	
94	0	126	174	454.8079046494324	1.1068662819253439	0.93359375	3.99157019933161	5.098436481256954	0.1732725319253438	459.9063411306893	Cloud	6.782243546663551	0.0	525.1389575694662	
95	3	18	630	456.17838109876396	3.813960031925344	3.5546875	3.7638207135249537	7.577780745450298	0.25927253192534383	463.75616184421426	Cloud	11.381712913695564	0.0	780.5114167813806	
96	0	2131	798	458.3964917803636	5.435670063850687	5.100397531925344	0.10655000000003323	5.542220063850721	0.3352725319253438	463.9387118442143	Cloud	9.912066114931276	0.0	570.8486665766243	
97	0	738	696	461.1696543943363	2.8789412819253437	2.877741281925344	0.036899999999994826	2.9158412819253385	0.0012	464.08549567626164	Cloud	5.226374307465612	0.0	300.33165203830987	
98	0	347	241	472.73918948640176	1.38495	1.34375	0.01735000000002529	1.4023000000000252	0.0412	474.1414894864018	Cloud	2.51373000000003	0.0	144.4369000000026	
99	1	207	1295	476.61771960847466	5.490078781925344	5.31640625	0.010349999999992754	5.500428781925336	0.17367253192534382	482.1181483904	Cloud	9.89456180746561	0.0	566.5441645383096	
101	0	3777	679	479.52594823128385	3.5153138138506876	3.315241281925344	0.18885000000001062	3.7041638138506983	0.2000725319253438	483.23011204513455	Cloud	6.55418486493125	0.0	381.5288728266219	
102	0	1247	65	485.45789345541573	4.725513813850688	4.190241281925344	0.06234999999997548	4.787863813850663	0.5352725319253439	490.2457572692664	Cloud	8.580744864931209	0.0	493.1499728266183	
103	0	2653	1486	485.94324653769434	6.542776313850688	6.354303781925344	0.13265000000003369	6.675426313850721	0.1884725319253438	492.61867285154506	Cloud	11.936177364931279	0.0	687.5689103266243	
105	0	1032	486	493.2619226629348	6.111670063850688	5.600397531925344	0.05160000000000142	6.163270063850689	0.5112725319253438	499.4251927267855	Cloud	11.06292611493124	0.0	634.816816576621	
104	0	2904	2033	491.5297045259055	11.969470063850688	11.475397531925344	0.14519999999997957	12.114670063850667	0.49407253192534384	503.6443745897562	Cloud	21.719286114931215	0.0	1247.8110165766188	
106	1	98	497	502.330428665285	2.3651388138506877	2.205866281925344	2.7589987594307286	5.124137573281416	0.15927253192534382	507.45456623856643	Cloud	7.568048376248112	0.0	527.7861700479859	
107	1	481	472	505.3003649247157	2.1426013138506876	1.9949287819253438	0.024050000000019445	2.166651313850707	0.14767253192534383	507.46701623856643	Cloud	3.8855423649312613	0.0	223.16508532662283	
100	0	8295	6713	478.9238772664561	29.24650378192534	28.979303781925342	0.4147500000000406	29.66125378192538	0.2672	508.58513104838147	Cloud	53.141406807465664	0.0	3055.109139538314	
109	0	728	1891	514.715024213138	8.442610031925344	8.2109375	0.03639999999998267	8.479010031925327	0.23167253192534382	523.1940342450633	Cloud	15.240378057465598	0.0	873.3380332883087	
111	0	2433	583	520.7708040511592	5.662916281925344	5.362116281925344	0.1216499999999785	5.784566281925322	0.3008	526.5553703330845	Cloud	10.339229307465594	0.0	595.8103270383082	
115	1	988	17	535.5351777861162	0.4255450638506877	0.27227253192534384	0.049399999999981015	0.4749450638506687	0.15327253192534382	536.0101228499668	Cloud	0.8252611149312151	0.0	48.919341576618876	
113	0	4710	1340	530.9389321574615	6.747588813850688	6.487116281925344	0.2354999999999121	6.9830888138506	0.2604725319253438	537.9220209713121	Cloud	12.428259864931132	0.0	719.2581478266118	
112	0	2122	1956	530.0125900175897	7.874022531925344	7.71875	0.10609999999995967	7.9801225319253035	0.15527253192534382	537.992712549515	Cloud	14.30056055746557	0.0	821.9526207883063	
114	0	4545	2485	532.3343184380747	10.811151313850688	10.588678781925344	0.22724999999992512	11.038401313850613	0.22247253192534383	543.3727197519253	Cloud	19.73277236493115	0.0	1136.9553353266133	
116	0	3602	608	540.3565998211444	3.8442912819253436	3.721491281925344	0.1800999999999746	4.024391281925318	0.1228	544.3809911030697	Cloud	7.135844307465589	0.0	414.5123020383078	
118	0	423	639	571.6774732540157	4.45113125	4.26953125	0.02115000000003686	4.472281250000037	0.1816	576.1497545040157	Cloud	8.037416250000046	0.0	460.64496875000384	
119	0	516	507	579.6252532598437	2.983825	2.890625	0.025800000000028245	3.009625000000028	0.0932	582.6348782598437	Cloud	5.401845000000034	0.0	309.9913750000029	
121	0	3429	17	589.0127122919939	2.1566575638506875	1.8425850319253438	0.1714500000000343	2.328107563850722	0.3140725319253438	591.3408198558446	Cloud	4.087723614931279	0.0	239.79507907662435	
120	0	7548	219	585.700948638206	6.463066281925344	5.80859375	0.37739999999992957	6.8404662819252735	0.6544725319253438	592.5414149201313	Cloud	12.086399307465534	0.0	704.5680270383032	
122	0	595	1500	589.8955726179952	6.420907563850688	6.248835031925344	0.02974999999996708	6.450657563850655	0.1720725319253438	596.3462301818458	Cloud	11.593333614931199	0.0	664.4177290766174	
123	1	114	1970	591.6849548114704	7.885647531925343	7.881647531925344	6.557887536328707	14.44353506825405	0.004	606.1284898797245	Cloud	22.063630601060066	0.0	1487.6841120301672	
124	0	3133	1289	595.1842485977992	11.529841281925345	10.940241281925344	0.15664999999998308	11.686491281925328	0.5896	606.8707398797245	Cloud	20.9416943074656	0.0	1203.7086020383088	
125	0	492	759	609.5605785265237	4.6658125	4.5078125	0.024599999999979083	4.6904124999999794	0.158	614.2509910265237	Cloud	8.427982499999976	0.0	483.1124874999979	
129	0	1748	40	649.2682320571218	1.9536763138506876	1.6668037819253438	0.08739999999999326	2.041076313850681	0.2868725319253438	651.3093083709725	Cloud	3.62149736493123	0.0	210.23086032662013	
131	0	3096	651	652.7125447756669	4.349007563850687	4.061335031925344	0.154799999999927	4.503807563850614	0.2876725319253438	657.2163523395175	Cloud	8.01397361493115	0.0	463.8921790766133	
127	0	1707	5065	635.1837187427006	22.486035031925343	22.1015625	0.08534999999993076	22.571385031925274	0.3844725319253438	657.7551037746259	Cloud	40.577283057465536	0.0	2324.8526582883032	
130	0	1796	1822	652.2603224704172	9.681126313850688	9.323053781925344	0.0897999999999346	9.770926313850623	0.35807253192534383	662.0312487842679	Cloud	17.53378736493116	0.0	1006.4054103266142	
128	0	4452	3961	647.3823956949018	19.28110131385069	18.807428781925346	0.2225999999999928	19.503701313850684	0.47367253192534386	666.8860970087525	Cloud	34.973102364931236	0.0	2008.8812353266203	
132	0	1192	898	662.0594649468904	5.132988813850687	4.862116281925344	0.05959999999996057	5.192588813850648	0.27087253192534383	667.2520537607411	Cloud	9.31089986493119	0.0	534.8366478266167	
133	0	3539	824	665.8432908592592	3.529660031925344	3.514460031925344	0.17695000000003525	3.706610031925379	0.0152	669.5499008911846	Cloud	6.565728057465662	0.0	381.78083328831406	
134	2	11160	140	673.0527422634642	2.1315749999999998	1.984375	0.557999999999991	2.6895749999999907	0.1472	675.7423172634642	Cloud	4.506434999999989	0.0	277.02622499999904	
136	3	141	229	677.9327719402006	1.14429375	1.12109375	17.76575206463585	18.91004581463585	0.0232	696.8428177548365	Cloud	23.378631227563023	0.0	1947.7347189074926	
137	0	3706	1175	691.0071177548365	5.9377	5.8125	0.18529999999993318	6.122999999999934	0.1252	697.1301177548364	Cloud	10.91021999999992	0.0	630.6689999999932	
139	0	134	397	702.9025173248574	1.8487725319253439	1.6875	21.544437298536497	23.393209830461842	0.16127253192534383	726.2957271553192	Cloud	29.181115315709416	0.0	2409.50061253757	
141	0	475	265	723.7371820914686	2.6689450638506877	2.397272531925344	0.023749999999890914	2.6926950638505787	0.2716725319253438	726.4298771553192	Cloud	4.832601114931107	0.0	277.3475915766096	
140	1	463	3976	711.0997048244747	15.63029375	15.62109375	0.023149999999951376	15.653443749999951	0.0092	726.7531485744746	Cloud	28.162308749999944	0.0	1612.304706249995	
143	1	174	268	739.4045800780808	1.5257287819253438	1.4949287819253438	3.5037766744757812	5.029505456401125	0.0308	744.4340855344819	Cloud	6.9508438168365565	0.0	518.0390620093159	
142	0	2965	2835	732.1454730344819	12.3790125	12.2578125	0.1482500000000062	12.527262500000006	0.1212	744.672735534482	Cloud	22.460122500000008	0.0	1290.3080375000006	
144	0	1045	229	759.9739502884668	7.083472531925344	6.375	0.05225000000000879	7.135722531925353	0.7084725319253439	767.1096728203921	Cloud	12.81295055746563	0.0	734.9794207883114	
145	0	271	3723	766.0343025421233	15.164788813850688	14.987116281925344	0.01355000000001283	15.1783388138507	0.17767253192534382	781.212641355974	Cloud	27.312879864931254	0.0	1563.3688978266223	
149	3	23	15	783.2614174050817	1.6536263138506877	1.3855537819253438	0.4248721445635999	2.0784984584142876	0.2680725319253438	785.339915863496	Cloud	3.486373938407558	0.0	214.08534121667162	
146	0	3043	3215	770.5730082996454	14.829707563850688	14.498835031925344	0.15214999999997936	14.981857563850667	0.3308725319253438	785.554865863496	Cloud	26.876053614931216	0.0	1543.1313290766188	
148	0	2458	2348	776.9982176650273	11.938207563850687	11.561335031925344	0.12289999999986811	12.061107563850555	0.3768725319253438	789.0593252288778	Cloud	21.63625361493108	0.0	1242.2940790766072	
152	0	5022	127	791.3978261671629	3.5724763138506876	3.166803781925344	0.25109999999990684	3.8235763138505945	0.4056725319253438	795.2214024810135	Cloud	6.731777364931126	0.0	393.82836032661123	
151	0	575	1672	787.6394462466516	8.732603781925343	8.541803781925344	0.028749999999865494	8.761353781925209	0.1908	796.4008000285768	Cloud	15.753186807465456	0.0	902.4194395382965	
153	0	2392	1419	810.9271772566841	6.693597531925344	6.453125	0.11959999999996729	6.8131975319253115	0.24047253192534382	817.7403747886094	Cloud	12.191995557465582	0.0	701.7593457883071	
155	0	4954	771	813.200085578727	5.097663813850688	4.783991281925344	0.2476999999999796	5.345363813850668	0.31367253192534383	818.5454493925777	Cloud	9.473034864931215	0.0	550.5724728266188	
157	0	594	1365	814.5435167040453	6.087345063850687	5.897272531925344	0.02970000000000894	6.117045063850696	0.19007253192534382	820.660561767896	Cloud	10.99286111493125	0.0	630.0556415766217	
159	0	7494	33	823.8262901469053	1.8531263138506877	1.5730537819253438	0.37469999999995407	2.227826313850642	0.2800725319253438	826.054116460756	Cloud	3.7852673649311828	0.0	229.4661103266161	
158	0	362	2364	818.1422734821008	9.877726313850687	9.698053781925344	0.01809999999996137	9.895826313850648	0.17967253192534383	828.0380997959514	Cloud	17.80162736493119	0.0	1019.2701103266168	
160	0	3034	1114	826.3496297210612	9.955713813850688	9.315241281925344	0.15169999999991113	10.107413813850599	0.6404725319253438	836.4570435349118	Cloud	18.10232486493113	0.0	1041.0636228266117	
164	3	46	101	838.4069963452885	0.7321388138506877	0.5808662819253438	0.2621705992159291	0.9943094130666168	0.15127253192534382	839.4013057583551	Cloud	1.6324545839903526	0.0	102.41386954586153	
161	1	738	1897	831.6691669445045	7.730538813850687	7.580866281925344	0.03689999999992999	7.767438813850617	0.14967253192534383	839.4366057583551	Cloud	13.959249864931152	0.0	800.0461978266136	
163	0	4204	2676	837.1342142092406	11.621838813850689	11.393366281925344	0.2101999999999702	11.832038813850659	0.2284725319253438	848.9662530230912	Cloud	21.171549864931205	0.0	1218.6999978266178	
162	0	4	1136	833.6866228780447	11.432570063850688	10.662897531925344	4.178060081195882	15.61063014504657	0.7696725319253438	849.2972530230912	Cloud	25.5922982123663	0.0	1607.8949049397968	
165	0	1938	3040	841.0524872194211	13.189266281925343	13.080866281925344	0.09689999999991805	13.286166281925262	0.1084	854.3386535013464	Cloud	23.85695930746552	0.0	1368.475127038302	
170	0	3371	1617	891.9203344097949	10.714807563850687	10.186335031925344	0.1685499999999216	10.883357563850609	0.5284725319253438	902.8036919736455	Cloud	19.488913614931146	0.0	1120.9858290766128	
169	0	1840	281	891.5133326245453	17.526	16.0	0.09199999999993835	17.617999999999938	1.526	909.1313326245453	Cloud	31.65719999999993	0.0	1814.6539999999936	
172	0	783	550	911.6580738138819	2.50155	2.46875	0.03914999999990165	2.5406999999999016	0.0328	914.1987738138818	Cloud	4.549769999999882	0.0	261.69209999998986	
175	0	15690	1729	937.9641860908528	7.53764375	7.46484375	0.7844929856561587	8.322136735656159	0.0728	946.2863228265089	Cloud	14.50915033278739	0.0	857.1800837725843	
176	0	603	1020	941.1058315445836	4.722463813850688	4.533991281925344	0.6038499999999871	5.326313813850675	0.1884725319253438	946.4321453584342	Cloud	9.225054864931222	0.0	548.6103228266195	
177	1	684	2437	949.6352654672529	9.757235031925344	9.6015625	0.03420000000005885	9.791435031925403	0.1556725319253438	959.4267004991783	Cloud	17.60406305746569	0.0	1008.5178082883165	
179	0	2057	1470	955.4073663913954	7.569757563850688	7.280085031925344	0.10284999999995925	7.672607563850647	0.2896725319253438	963.079973955246	Cloud	13.74898361493119	0.0	790.2785790766167	
181	2	9795	1801	959.3766389246382	9.220145063850687	8.897272531925344	0.4897499999998942	9.709895063850581	0.3228725319253438	969.0865339884888	Cloud	17.183961114931112	0.0	1000.1191915766099	
182	0	1767	2219	960.662243283421	9.151988813850688	8.987116281925344	0.08834999999991133	9.240338813850599	0.16487253192534382	969.9025820972716	Cloud	16.579599864931133	0.0	951.7548978266117	
183	0	1252	137	969.930630924718	1.6866450638506876	1.4597725319253438	0.06259999999990673	1.7492450638505943	0.22687253192534382	971.6798759885686	Cloud	3.111081114931126	0.0	180.1722415766112	
180	0	5790	4880	957.9800551133009	21.388735031925343	21.186335031925342	0.2894999999999399	21.678235031925283	0.2024	979.6582901452261	Cloud	38.847123057465545	0.0	2232.858208288304	
186	0	151	31	995.8298573008263	1.4405263138506876	1.1980537819253438	3.383322612538672	4.82384892638936	0.24247253192534382	1000.6537062272157	Cloud	6.652934499977644	0.0	496.85643941810406	
185	0	2330	680	991.9776399452903	9.172466281925344	8.43359375	0.11650000000001093	9.288966281925354	0.7388725319253439	1001.2666062272157	Cloud	16.65023930746563	0.0	956.7635270383115	
187	0	641	4982	998.0770206478662	22.886126313850685	22.448053781925342	0.032050000000037215	22.918176313850722	0.4380725319253438	1020.9951969617169	Cloud	41.23348736493128	0.0	2360.5721603266243	
188	0	103	5277	1004.6625357747001	21.55290378192534	21.479303781925342	1.781785324083227	23.334689106008568	0.0736	1027.9972248807087	Cloud	40.93336919636549	0.0	2403.4729779188824	
190	0	4298	2633	1017.4404148487835	10.488410031925344	10.483210031925344	0.2148999999999539	10.703310031925298	0.0052	1028.1437248807088	Cloud	19.137018057465564	0.0	1102.4409332883056	
192	0	4830	522	1028.3254688219845	3.6754375	3.5234375	0.24150000000013083	3.916937500000131	0.152	1032.2424063219846	Cloud	6.905587500000157	0.0	403.4445625000135	
196	0	652	963	1054.036772613681	4.7823	4.6875	0.032600000000079454	4.81490000000008	0.0948	1058.851672613681	Cloud	8.647260000000095	0.0	495.9347000000082	
198	0	438	934	1060.7725942790973	7.83841875	7.44921875	0.021900000000033337	7.860318750000033	0.3892	1068.6329130290974	Cloud	14.13543375000004	0.0	809.6128312500034	
202	0	214	2325	1076.6447662928765	10.112945063850688	9.897272531925344	0.010700000000056775	10.123645063850745	0.2156725319253438	1086.7684113567273	Cloud	18.216141114931307	0.0	1042.7354415766267	
201	0	108	1899	1074.8420956431116	10.1007625	9.8515625	1.8483806816902604	11.94914318169026	0.2492	1086.791238824802	Cloud	20.399429318028314	0.0	1230.7617477140968	
203	0	396	2814	1090.7319619739262	12.45200625	12.31640625	0.019800000000099516	12.4718062500001	0.1356	1103.2037682239263	Cloud	22.437371250000123	0.0	1284.5960437500103	
204	0	115	110	1117.3710806021022	1.02395	0.96875	24.175252149420444	25.199202149420444	0.0552	1142.5702827515227	Cloud	30.853412579304532	0.0	2595.5178213903055	
206	0	11764	230	1141.2221140015226	1.33336875	1.29296875	0.5882000000000058	1.9215687500000058	0.0404	1143.1436827515226	Cloud	3.105903750000007	0.0	197.9215812500006	
209	2	19721	326	1161.6111793269893	2.9718200638506875	2.694147531925344	0.9860500000001178	3.9578700638508053	0.2776725319253438	1165.56904939084	Cloud	6.5325361149313785	0.0	407.66061657663295	
207	0	106	4511	1147.9600541527125	17.884635031925345	17.7265625	15.39181948949371	33.276454521419055	0.15807253192534382	1181.2365086741315	Cloud	50.662526444858074	0.0	3427.4748157061626	
213	0	149	39	1180.2006948602807	0.9369412819253439	0.8777412819253438	0.30502665921447536	1.2419679411398192	0.0592	1181.4426628014205	Cloud	2.0525262985229893	0.0	127.92269793740138	
212	0	942	7	1175.6061190514206	6.513416281925344	5.77734375	0.047100000000058095	6.560516281925402	0.7360725319253438	1182.166635333346	Cloud	11.78066930746569	0.0	675.7331770383164	
214	0	1048	102	1183.4426430065498	3.3447725319253436	2.9375	0.05240000000009104	3.3971725319254347	0.40727253192534385	1186.8398155384752	Cloud	6.083470557465728	0.0	349.90877078831977	
215	0	505	337	1185.9253686109166	4.431545063850688	4.022272531925344	0.025249999999989114	4.456795063850677	0.40927253192534385	1190.3821636747673	Cloud	8.007081114931225	0.0	459.04989157661976	
218	0	7873	675	1188.1910918203375	3.352416281925344	3.299616281925344	0.3936499999999792	3.746066281925323	0.0528	1191.9371581022629	Cloud	6.506729307465594	0.0	385.84482703830827	
219	0	4632	630	1196.556138353138	3.5633375	3.4609375	0.2316000000000602	3.79493750000006	0.1024	1200.3510758531381	Cloud	6.691927500000071	0.0	390.8785625000062	
221	0	5745	258	1203.6514965465283	2.06715	1.96875	0.287250000000169	2.354400000000169	0.0984	1206.0058965465284	Cloud	4.065570000000203	0.0	242.5032000000174	
222	0	3945	7	1213.7272262537854	1.87903125	1.70703125	0.1972499999999655	2.0762812499999654	0.172	1215.8035075037853	Cloud	3.6189562499999584	0.0	213.85696874999644	
223	1	205	216	1222.978615587559	1.033225	1.015625	0.010249999999943915	1.043474999999944	0.0176	1224.022090587559	Cloud	1.8721049999999329	0.0	107.47792499999423	
227	0	554	1965	1236.613164180623	11.225851313850688	10.776178781925344	0.027700000000260516	11.253551313850949	0.44967253192534384	1247.866715494474	Cloud	20.23977236493155	0.0	1159.1157853266477	
226	0	761	4681	1231.27133750839	20.3047875	20.1171875	0.03805000000008718	20.342837500000087	0.1876	1251.61417500839	Cloud	36.5942775000001	0.0	2095.3122625000087	
230	0	2119	241	1252.661366539858	1.5623662819253439	1.37109375	0.10594999999982813	1.668316281925172	0.19127253192534382	1254.329682821783	Cloud	2.939399307465413	0.0	171.83657703829272	
231	0	52	794	1252.992264734681	3.627785031925344	3.592585031925344	0.20958590257587906	3.837370934501223	0.0352	1256.8296356691822	Cloud	6.781516140556674	0.0	395.24920625362597	
232	1	580	881	1253.1823193872567	3.761788813850688	3.612116281925344	0.02899999999997993	3.790788813850668	0.14967253192534383	1256.9731082011074	Cloud	6.806019864931214	0.0	390.4512478266188	
233	0	349	1611	1259.2441445833235	7.9681	7.8125	0.017450000000103216	7.985550000000103	0.1556	1267.2296945833236	Cloud	14.363520000000124	0.0	822.5116500000106	
236	1	344	333	1286.089408126769	1.34815	1.34375	0.017200000000034965	1.365350000000035	0.0044	1287.454758126769	Cloud	2.447310000000042	0.0	140.6310500000036	
239	0	236	205	1303.0129399367281	5.6720100319253435	5.0859375	0.011799999999960953	5.683810031925304	0.5860725319253438	1308.6967499686534	Cloud	10.223778057465571	0.0	585.4324332883064	
241	0	1305	297	1308.13104102529	7.487757563850687	6.780085031925344	0.06525000000008241	7.55300756385077	0.7076725319253439	1315.6840485891407	Cloud	13.556263614931336	0.0	777.9597790766293	
243	0	595	1430	1310.1412263870413	9.390076313850688	8.916803781925344	0.02975000000007455	9.419826313850763	0.4732725319253438	1319.561052700892	Cloud	16.93783736493133	0.0	970.2421103266286	
240	0	6028	2928	1306.7508306053032	13.203922531925343	13.053522531925344	0.3014000000001147	13.505322531925458	0.1504	1320.2561531372287	Cloud	24.128740557465758	0.0	1391.0482207883222	
246	0	1359	318	1333.01270572936	2.561620063850688	2.319147531925344	0.06795000000021822	2.629570063850906	0.24247253192534382	1335.642275793211	Cloud	4.6924561149315	0.0	270.8457165766433	
245	0	2950	2858	1324.0630024116467	14.996625	14.640625	0.14750000000003105	15.144125000000031	0.356	1339.2071274116468	Cloud	27.17092500000004	0.0	1559.8448750000032	
250	0	334	685	1362.0905705560722	6.86145625	6.47265625	0.016699999999847392	6.878156249999847	0.3888	1368.968726806072	Cloud	12.370661249999817	0.0	708.4500937499843	
253	3	146	1404	1386.2993618166042	6.153563813850687	5.971491281925344	1.5123431146248913	7.665906928475579	0.1820725319253438	1393.9652687450798	Cloud	12.891226602481106	0.0	789.5884136329846	
254	0	3399	1465	1387.858579931229	6.077488813850688	5.924616281925344	0.16995000000006133	6.247438813850749	0.1528725319253438	1394.1060187450798	Cloud	11.143419864931312	0.0	643.4861978266272	
252	0	1224	1920	1385.6804451003752	10.50145625	10.22265625	0.06120000000014514	10.562656250000146	0.2788	1396.2431013503754	Cloud	18.97606125000018	0.0	1087.953593750015	
257	0	2190	346	1419.2800055297996	2.5581725319253437	2.3125	0.1094999999999473	2.667672531925291	0.24567253192534383	1421.947678061725	Cloud	4.7361105574655555	0.0	274.77027078830497	
258	0	2123	32	1421.5357363498222	1.8311350319253439	1.6863350319253438	0.10615000000016828	1.9372850319255122	0.1448	1423.4730213817477	Cloud	3.423423057465821	0.0	199.54035828832775	
259	0	1056	1266	1426.6408137070944	5.86685	5.78125	0.05280000000004659	5.919650000000047	0.0856	1432.5604637070944	Cloud	10.623690000000057	0.0	609.7239500000048	
260	0	5701	248	1435.947802366833	2.072010031925344	1.8359375	0.28505000000001335	2.357060031925357	0.23607253192534383	1438.3048623987584	Cloud	4.071678057465634	0.0	242.7771832883118	
261	0	2944	312	1437.3797511337502	1.9602850319253438	1.9050850319253438	0.14720000000019096	2.1074850319255347	0.0552	1439.4872361656758	Cloud	3.7051530574658478	0.0	217.07095828833008	
264	1	222	105	1458.553328289616	0.647	0.625	0.011099999999876653	0.6580999999998767	0.022	1459.211428289616	Cloud	1.177919999999852	0.0	67.7842999999873	
265	1	666	1277	1460.5007879963284	5.11746875	5.10546875	0.03329999999999789	5.1507687499999975	0.012	1465.6515567463284	Cloud	9.251403749999996	0.0	530.5291812499997	
266	0	262	307	1473.120999467328	3.29205625	3.09765625	0.013099999999981904	3.305156249999982	0.1944	1476.426155717328	Cloud	5.941421249999979	0.0	340.4310937499981	
267	0	3712	1819	1477.7306241470328	7.3595375	7.3359375	0.18560000000000976	7.54513750000001	0.0236	1485.2757616470328	Cloud	13.469887500000011	0.0	777.149162500001	
269	1	865	289	1492.3540312984117	1.3752225319253437	1.21875	0.04324999999997381	1.4184725319253175	0.15647253192534383	1493.772503830337	Cloud	2.5273005574655873	0.0	146.1026707883077	
268	0	3	183	1487.3755990743518	3.1048125	2.8828125	3.314369724059796	6.419182224059796	0.222	1493.7947812984116	Cloud	9.565906168871756	0.0	661.175769078159	
271	1	48	7	1496.1487991007466	0.4467700638506876	0.28789753192534384	3.9533857168093554	4.400155780660043	0.1588725319253438	1500.5489548814066	Cloud	5.548248975102464	0.0	453.21604540798444	
273	0	1388	527	1496.3248410675558	4.402913813850688	4.065241281925344	0.06940000000017221	4.47231381385086	0.33767253192534386	1500.7971548814066	Cloud	8.008524864931445	0.0	460.6483228266386	
272	0	522	1376	1496.3082543662601	8.119801313850688	7.744928781925344	0.02610000000011148	8.1459013138508	0.3748725319253438	1504.454155680111	Cloud	14.646962364931374	0.0	839.0278353266324	
270	0	4071	1566	1494.8237866056568	11.065928781925344	10.47265625	0.20354999999992884	11.269478781925272	0.5932725319253438	1506.093265387582	Cloud	20.162931807465533	0.0	1160.756314538303	
275	0	1678	4947	1502.0617352854883	20.449010031925344	20.358210031925342	0.08390000000009579	20.53291003192544	0.0908	1522.5946453174138	Cloud	36.908898057465734	0.0	2114.8897332883203	
278	0	1544	589	1533.2745015958376	5.677741281925344	5.23046875	0.0771999999999684	5.754941281925312	0.4472725319253438	1539.029442877763	Cloud	10.312574307465582	0.0	592.7589520383071	
279	0	45	1111	1533.9455992728265	5.443963813850687	5.221491281925344	7.983077879613702	13.427041693464389	0.22247253192534383	1547.3726409662909	Cloud	19.37882832046768	0.0	1382.985294426832	
281	2	6474	207	1545.54195840244	1.8222825638506877	1.6082100319253438	0.32369999999987864	2.1459825638505663	0.2140725319253438	1547.6879409662906	Cloud	3.668548614931092	0.0	221.03620407660833	
280	0	192	667	1544.567761456308	4.053228781925344	3.78515625	2.467193767290138	6.520422549215482	0.2680725319253438	1551.0881840055235	Cloud	10.256444328213785	0.0	671.6035225691946	
283	1	1472	399	1549.4108319012214	1.8875888138506878	1.7371162819253438	0.07359999999995237	1.9611888138506401	0.15047253192534382	1551.372020715072	Cloud	3.485979864931181	0.0	202.00244782661593	
282	0	5700	119	1548.7576114735982	2.3733725319253436	2.0625	0.28500000000000814	2.6583725319253517	0.3108725319253438	1551.4159840055236	Cloud	4.614070557465628	0.0	273.8123707883112	
284	3	15	1509	1552.0980773398755	6.165825	6.140625	10.5215221561928	16.6873471561928	0.0252	1568.7854244960683	Cloud	23.72431158743136	0.0	1718.7967570878584	
286	0	646	2150	1556.909826964143	12.188797531925344	11.850397531925344	0.032300000000235585	12.22109753192558	0.3384	1569.1309244960685	Cloud	21.978595557465905	0.0	1258.7730457883347	
291	0	5457	749	1598.3151732901847	5.50953125	5.26953125	0.2728500000000711	5.782381250000071	0.24	1604.0975545401848	Cloud	10.244576250000087	0.0	595.5852687500073	
294	1	271	1	1613.2969546523702	0.34582006385068764	0.1941475319253438	0.013550000000059459	0.3593700638507471	0.1516725319253438	1613.656324716221	Cloud	0.6387361149313091	0.0	37.01511657662695	
295	1	537	775	1613.850953820514	3.3864825638506875	3.233210031925344	0.026849999999957408	3.413332563850645	0.15327253192534382	1617.2642863843646	Cloud	6.127888614931186	0.0	351.5732540766164	
293	0	1306	3223	1609.1210223133564	12.80515625	12.78515625	0.0652999999999615	12.870456249999961	0.02	1621.9914785633564	Cloud	23.127641249999954	0.0	1325.656993749996	
297	0	1831	2523	1630.544502893291	12.376345063850687	12.022272531925344	0.09155000000015967	12.467895063850847	0.3540725319253438	1643.012397957142	Cloud	22.38728111493143	0.0	1284.1931915766372	
296	0	4705	3723	1630.0464226872032	19.783675	19.296875	0.23524999999985496	20.018924999999854	0.4868	1650.065347687203	Cloud	35.892914999999824	0.0	2061.949274999985	
299	0	3508	156	1652.200680991417	0.66105	0.65625	0.17540000000001343	0.8364500000000135	0.0048	1653.037130991417	Cloud	1.4003700000000163	0.0	86.15435000000139	
300	0	3084	1455	1656.5448064614839	6.16589375	6.12109375	0.15419999999984135	6.320093749999842	0.0448	1662.8649002114837	Cloud	11.28364874999981	0.0	650.9696562499837	
302	0	1905	561	1663.9018129833357	3.4410787819253437	3.19140625	0.09525000000013284	3.5363287819254765	0.24967253192534383	1667.4381417652612	Cloud	6.308241807465778	0.0	364.2418645383241	
307	0	6773	473	1672.3013793816476	2.6374200638506875	2.444147531925344	0.33864999999986933	2.976070063850557	0.19327253192534383	1675.2774494454982	Cloud	5.153736114931081	0.0	306.53521657660735	
306	0	1617	563	1671.56641405805	4.547845063850688	4.209772531925344	0.08085000000003983	4.628695063850728	0.3380725319253438	1676.1951091219007	Cloud	8.283141114931286	0.0	476.75559157662497	
305	0	1312	287	1670.732667936648	5.700357563850687	5.155085031925344	0.06559999999994659	5.765957563850634	0.5452725319253439	1676.4986255004987	Cloud	10.339363614931175	0.0	593.8936290766153	
308	0	3186	771	1672.9581027881254	5.799582563850688	5.420710031925344	0.15930000000000533	5.958882563850693	0.3788725319253438	1678.916985351976	Cloud	10.630408614931246	0.0	613.7649040766214	
310	0	4031	2444	1678.3719024059271	10.030895063850688	9.866022531925344	0.2015500000000312	10.232445063850719	0.16487253192534382	1688.6043474697778	Cloud	18.297471114931277	0.0	1053.941841576624	
312	0	3	166	1682.950276319635	3.9186013138506874	3.494928781925344	1.792719836292334	5.711321150143021	0.4236725319253438	1688.661597469778	Cloud	9.204746168482039	0.0	588.2660784647312	
311	0	8680	2464	1679.0415411166816	12.020995063850688	11.678522531925344	0.43399999999998684	12.454995063850674	0.3424725319253438	1691.4965361805323	Cloud	22.158591114931223	0.0	1282.8644915766195	
303	0	1569	7446	1666.6960069192596	29.345172531925343	29.334772531925342	0.07844999999993263	29.423622531925275	0.0104	1696.119629451185	Cloud	52.91545055746553	0.0	3030.633120788303	
313	0	924	4178	1685.436406434283	18.54319753192534	18.350397531925342	0.04620000000010194	18.589397531925442	0.1928	1704.0258039662085	Cloud	33.43319555746574	0.0	1914.7079457883206	
314	1	651	984	1701.7608482050464	3.93418125	3.92578125	0.032549999999838874	3.966731249999839	0.0084	1705.7275794550462	Cloud	7.120586249999807	0.0	408.5733187499834	
316	0	743	1515	1713.3333108244894	8.020278781925343	7.69140625	0.037150000000066186	8.05742878192541	0.3288725319253438	1721.3907396064149	Cloud	14.481081807465698	0.0	829.9151645383172	
317	0	1936	949	1715.596793867799	6.351928781925344	6.119928781925344	0.09680000000006661	6.448728781925411	0.232	1722.0455226497245	Cloud	11.5496318074657	0.0	664.2190645383173	
319	0	1697	353	1721.919743789192	3.115185031925344	2.967585031925344	0.08485000000003717	3.200035031925381	0.1476	1725.1197788211173	Cloud	5.709153057465664	0.0	329.60360828831426	
321	0	2092	666	1729.5829211335197	3.82884375	3.71484375	0.10459999999992409	3.933443749999924	0.114	1733.5163648835196	Cloud	7.01743874999991	0.0	405.14470624999217	
324	0	819	5894	1749.0957399361605	24.281722531925343	24.03125	0.040950000000147924	24.32267253192549	0.2504725319253438	1773.418412468086	Cloud	43.756240557465794	0.0	2505.2352707883256	
325	2	1998	1971	1772.7766225356597	8.540657563850688	8.342585031925344	0.09990000000004606	8.640557563850734	0.1980725319253438	1781.4171800995105	Cloud	15.493063614931295	0.0	889.9774290766256	
329	0	834	1890	1778.5445363777233	8.882247531925344	8.756647531925344	0.04170000000013374	8.923947531925478	0.1256	1787.4684839096487	Cloud	16.03808555746578	0.0	919.1665957883242	
330	1	411	1599	1794.2499677894036	6.414897531925344	6.265625	0.020549999999976087	6.43544753192532	0.14927253192534382	1800.685415321329	Cloud	11.57147555746559	0.0	662.8510957883079	
331	1	468	2277	1795.3268749964623	9.257116281925343	9.237116281925344	0.023400000000085797	9.28051628192543	0.02	1804.6073912783877	Cloud	16.69088930746572	0.0	955.8931770383192	
332	0	37	160	1812.508107189346	2.226925	2.078125	9.658841826629606	11.885766826629606	0.1488	1824.3938740159756	Cloud	15.599075191955528	0.0	1224.2339831428494	
333	1	481	901	1820.6239802659757	3.7787662819253436	3.62109375	0.024049999999944838	3.8028162819252884	0.1576725319253438	1824.426796547901	Cloud	6.830639307465553	0.0	391.6900770383047	
335	3	3	539	1832.3692152764406	3.3241375	3.2109375	20.13151437205375	23.45565187205375	0.1132	1855.8248671484944	Cloud	30.1412647464645	0.0	2415.932142821536	
338	0	82	438	1853.6413546484944	2.254385031925344	2.0703125	19.621647379291666	21.87603241121701	0.1840725319253438	1875.5173870597114	Cloud	27.603869912615618	0.0	2253.231338355352	
340	0	1044	4146	1858.4973770277861	17.048810031925345	16.8359375	0.05220000000005243	17.101010031925398	0.21287253192534383	1875.5983870597115	Cloud	30.750498057465684	0.0	1761.404033288316	
341	0	1100	2339	1866.1715239910038	13.483445063850688	12.959772531925344	0.05500000000007077	13.538445063850759	0.5236725319253438	1879.7099690548546	Cloud	24.336201114931324	0.0	1394.4598415766282	
342	0	538	2579	1870.810356093002	12.025810031925344	11.858210031925344	0.026900000000127378	12.052710031925471	0.1676	1882.8630661249274	Cloud	21.67873805746577	0.0	1241.4291332883236	
348	0	788	1536	1892.8744485224668	8.132453781925344	7.80078125	0.039399999999821134	8.171853781925165	0.33167253192534385	1901.046302304392	Cloud	14.685696807465405	0.0	841.700939538292	
349	0	412	2895	1897.0937623576945	12.988891281925344	12.846491281925344	0.020600000000076335	13.00949128192542	0.1424	1910.1032536396199	Cloud	23.40472430746571	0.0	1339.9776020383183	
352	0	439	285	1914.0576637054833	3.00803125	2.83203125	0.021949999999991476	3.0299812499999916	0.176	1917.0876449554833	Cloud	5.44079624999999	0.0	312.08806874999914	
353	0	3303	680	1919.1029802477924	2.8982600319253438	2.7421875	0.16514999999994284	3.0634100319252866	0.15607253192534382	1922.1663902797177	Cloud	5.41504805746555	0.0	315.5312332883045	
354	0	1149	1908	1919.1572045016624	12.006551313850688	11.463678781925344	0.057449999999979795	12.064001313850667	0.5428725319253438	1931.221205815513	Cloud	21.680732364931213	0.0	1242.5921353266187	
355	0	1416	1798	1922.785789311785	8.889763813850688	8.596491281925344	0.07080000000005171	8.96056381385074	0.2932725319253438	1931.7463531256358	Cloud	16.086534864931302	0.0	922.9380728266262	
357	0	753	1194	1930.7231736957187	5.122245063850688	4.959772531925344	0.0376499999999389	5.159895063850627	0.1624725319253438	1935.8830687595694	Cloud	9.265221114931165	0.0	531.4691915766145	
356	0	956	1671	1927.3615287327655	9.405638813850688	9.018366281925344	0.047800000000192355	9.45343881385088	0.38727253192534383	1936.8149675466163	Cloud	16.987509864931468	0.0	973.7041978266407	
358	0	680	3886	1932.5238829161494	15.766197531925345	15.725397531925344	0.03400000000016057	15.800197531925505	0.0408	1948.324080448075	Cloud	28.419955557465812	0.0	1627.420345788327	
361	0	3435	1062	1950.4373952271267	5.2439450638506875	5.022272531925344	0.1717500000000749	5.415695063850762	0.2216725319253438	1955.8530902909774	Cloud	9.645201114931327	0.0	557.8165915766285	
360	0	1043	1967	1949.9513384353215	8.498335031925343	8.2890625	0.05214999999994774	8.550485031925291	0.2092725319253438	1958.5018234672468	Cloud	15.359583057465555	0.0	880.699958288305	
362	0	1679	1353	1952.292898065136	8.675895063850687	8.241022531925344	0.08394999999997488	8.759845063850662	0.4348725319253438	1961.0527431289865	Cloud	15.717351114931207	0.0	902.2640415766182	
363	0	1950	1921	1959.9205780135685	9.598463813850687	9.283991281925344	0.09750000000008008	9.695963813850767	0.3144725319253438	1969.6165418274193	Cloud	17.394234864931335	0.0	998.684272826629	
367	0	436	1370	1964.9525261455603	6.412620063850688	6.194147531925344	0.021799999999978503	6.434420063850666	0.21847253192534383	1971.386946209411	Cloud	11.568876114931212	0.0	662.7452665766186	
371	1	57	160	1972.3002610629937	1.0056700638506877	0.8503975319253438	4.040777949106711	5.0464480129573985	0.15527253192534382	1977.3467090759511	Cloud	6.659139653859291	0.0	519.784145334612	
364	0	6807	4029	1960.5168202621003	16.902688813850688	16.674616281925346	0.34035000000002924	17.243038813850717	0.22807253192534382	1977.759859075951	Cloud	30.833259864931275	0.0	1776.0329978266238	
372	0	1058	1297	1972.489575946177	5.619326313850688	5.448053781925344	0.05289999999992734	5.672226313850615	0.1712725319253438	1978.1618022600276	Cloud	10.178267364931152	0.0	584.2393103266133	
369	1	411	2846	1971.7336666840552	11.540920063850688	11.381647531925344	0.020550000000032043	11.56147006385072	0.15927253192534382	1983.2951367479059	Cloud	20.79831611493128	0.0	1190.8314165766242	
365	0	79	3916	1963.0081354874112	20.232697531925346	19.787897531925346	0.3192811966439919	20.55197872856934	0.4448	1983.5601142159805	Cloud	36.80199299343842	0.0	2116.853809042642	
374	0	2490	41	1985.9099072774898	0.77164375	0.71484375	0.12449999999996475	0.8961437499999647	0.0568	1986.8060510274897	Cloud	1.5383587499999578	0.0	92.30280624999637	
375	0	1363	190	1988.606450618143	5.2646100319253435	4.7109375	0.0681499999999744	5.332760031925318	0.5536725319253438	1993.9392106500684	Cloud	9.558078057465588	0.0	549.2742832883077	
376	0	431	1882	1991.7529764462122	7.766682563850687	7.608210031925344	0.02154999999998264	7.78823256385067	0.1584725319253438	1999.5412090100629	Cloud	14.005888614931216	0.0	802.187954076619	
377	0	6779	3457	1992.9389495049684	16.342585031925346	16.092585031925346	0.338950000000132	16.681535031925478	0.25	2009.6204845368939	Cloud	29.823393057465783	0.0	1718.1981082883242	
378	0	2525	1360	2009.9918360224956	8.077972531925344	7.6875	0.1262499999999811	8.204222531925325	0.3904725319253438	2018.196058554421	Cloud	14.691850557465596	0.0	845.0349207883085	
379	0	5595	7	2013.5393360893904	7.302320063850687	6.506647531925344	0.2797500000000914	7.582070063850779	0.7956725319253438	2021.1214061532412	Cloud	13.479876114931347	0.0	780.9532165766302	
380	0	2294	1447	2015.6063366199594	7.036370063850688	6.787897531925344	0.11470000000005065	7.151070063850739	0.2484725319253438	2022.7574066838101	Cloud	12.8031061149313	0.0	736.5602165766261	
382	0	2593	511	2018.9576674845757	8.560538813850687	7.830866281925344	0.12965000000022187	8.69018881385091	0.7296725319253439	2027.6478562984266	Cloud	15.564549864931505	0.0	895.0894478266437	
381	0	1067	2340	2015.8833685099187	22.31947006385069	20.975397531925346	0.053349999999976916	22.372820063850668	1.344072531925344	2038.2561885737694	Cloud	40.23906611493121	0.0	2304.400466576619	
384	0	817	2240	2029.8617025881242	9.419188813850688	9.237116281925344	0.04085000000012684	9.460038813850815	0.1820725319253438	2039.321741401975	Cloud	17.00355986493139	0.0	974.383997826634	
383	0	6017	3056	2027.3226682537513	14.475601313850687	14.119928781925344	0.3008500000001977	14.776451313850885	0.3556725319253438	2042.0991195676022	Cloud	26.417102364931473	0.0	1521.9744853266411	
386	0	1220	554	2040.629870093481	2.565403781925344	2.541803781925344	0.060999999999975074	2.626403781925319	0.0236	2043.2562738754064	Cloud	4.690926807465589	0.0	270.51958953830786	
387	0	1451	879	2049.509457297473	4.455035031925344	4.2265625	0.09255000000044777	4.5475850319257916	0.2284725319253438	2054.057042329399	Cloud	8.130123057466156	0.0	468.40125828835653	
389	0	289	21	2050.9738623213116	3.1541075638506877	2.748835031925344	0.03332244423648856	3.1874300080871762	0.40527253192534385	2054.1612923293987	Cloud	5.717380548015024	0.0	328.30529083297915	
388	0	4623	1170	2049.7964997150416	4.920838813850688	4.768366281925344	0.23115000000026065	5.151988813850949	0.15247253192534382	2054.9484885288925	Cloud	9.134889864931552	0.0	530.6548478266477	
391	0	773	2054	2051.8416794484556	8.731382563850687	8.545710031925344	0.03865000000000407	8.770032563850691	0.1856725319253438	2060.6117120123063	Cloud	15.762868614931241	0.0	903.3133540766212	
390	3	36	366	2051.37146438797	5.323397531925344	4.975397531925344	4.040527560485793	9.363925092411137	0.348	2060.735389480381	Cloud	14.43074863004857	0.0	964.4842845183471	
395	0	1166	272	2080.7794210912743	1.9900638138506876	1.7839912819253438	0.058300000000068186	2.048363813850756	0.2060725319253438	2082.827784905125	Cloud	3.6520748649313197	0.0	210.98147282662785	
393	0	1837	147	2077.997731096552	8.6139875	7.8671875	0.09184999999968824	8.705837499999689	0.7468	2086.7035685965516	Cloud	15.615397499999625	0.0	896.7012624999679	
397	1	322	114	2088.895177028735	0.69938125	0.67578125	0.0160999999998116	0.7154812499998116	0.0236	2089.6106582787347	Cloud	1.278206249999774	0.0	73.69456874998059	
398	0	2762	139	2094.1278497145418	2.1233625	1.9765625	0.13810000000010714	2.261462500000107	0.1468	2096.389312214542	Cloud	3.9877725000001285	0.0	232.93063750001102	
399	0	2580	61	2100.372359187219	0.578475	0.546875	0.1289999999997039	0.7074749999997039	0.0316	2101.0798341872187	Cloud	1.1960549999996448	0.0	72.8699249999695	
404	0	2238	2577	2110.5468987446184	10.83291875	10.76171875	0.11189999999974098	10.94481874999974	0.0712	2121.491717494618	Cloud	19.633533749999685	0.0	1127.3163312499732	
405	0	1499	1617	2132.6076309834143	10.748397531925344	10.203125	0.074950000000376	10.82334753192572	0.5452725319253439	2143.43097851534	Cloud	19.437055557466067	0.0	1114.804795788349	
410	0	255	414	2151.02631254915	2.6050388138506877	2.393366281925344	0.012749999999750905	2.6177888138504386	0.2116725319253438	2153.6441013630006	Cloud	4.704369864930939	0.0	269.6322478265952	
406	0	40	1048	2135.508372310894	8.276838813850688	7.768366281925344	10.142940238255918	18.419779052106605	0.5084725319253438	2153.928151363001	Cloud	27.06983815083834	0.0	1897.2372423669804	
407	0	8753	638	2148.613165240401	5.5926875	5.3046875	0.4376050503283402	6.03029255032834	0.288	2154.6434577907294	Cloud	10.591963560394008	0.0	621.1201326838191	
409	0	4537	110	2148.660641508804	6.343888813850688	5.674616281925344	0.24705000000001043	6.590938813850698	0.6692725319253439	2155.2515803226547	Cloud	11.715459864931251	0.0	678.8666978266219	
408	0	675	1765	2148.6174905919474	7.2485037819253435	7.229303781925344	0.03375000000030326	7.282253781925647	0.0192	2155.899744373873	Cloud	13.087806807465983	0.0	750.0721395383416	
412	0	1652	1224	2159.2221515896936	4.88029375	4.87109375	0.08260000000014855	4.962893750000148	0.0092	2164.1850453396937	Cloud	8.883648750000178	0.0	511.1780562500153	
415	0	312	566	2202.849923383561	3.4227138138506876	3.190241281925344	0.01560000000029449	3.438313813850982	0.2324725319253438	2206.288237197412	Cloud	6.179604864931592	0.0	354.14632282665116	
416	0	7409	120	2205.8260145983645	1.0001388138506877	0.8308662819253438	0.37044999999995754	1.3705888138506452	0.1692725319253438	2207.196603412215	Cloud	2.244789864931187	0.0	141.17064782661646	
414	0	684	1983	2200.810185051824	8.832128781925343	8.59765625	0.034200000000060626	8.866328781925404	0.2344725319253438	2209.6765138337496	Cloud	15.938871807465691	0.0	913.2318645383166	
419	0	1060	88	2215.246321385706	4.793826313850688	4.260553781925344	0.05299999999998217	4.84682631385067	0.5332725319253439	2220.0931476995565	Cloud	8.692487364931216	0.0	499.223110326619	
417	0	1722	2897	2206.026794239615	14.569345063850687	14.147272531925344	0.08610000000026119	14.655445063850948	0.4220725319253438	2220.682239303466	Cloud	26.32814111493155	0.0	1509.5108415766476	
420	3	6	1151	2220.0961153907574	5.009397531925344	4.975397531925344	0.061681970545294895	5.0710795024706385	0.034	2225.167194893228	Cloud	9.090933922119973	0.0	522.3211887544758	
418	0	312	2714	2208.6382661113025	17.23060131385069	16.494928781925346	0.015600000000397074	17.24620131385109	0.7356725319253439	2225.8844674251536	Cloud	31.033802364931724	0.0	1776.358735326662	
422	0	1345	571	2229.879746503148	3.8969875	3.7421875	0.06724999999985393	3.9642374999998538	0.1548	2233.843984003148	Cloud	7.095277499999824	0.0	408.31646249998494	
423	0	662	1683	2261.38920976396	6.906660031925344	6.7421875	0.03309999999994506	6.939760031925289	0.1644725319253438	2268.3289697958853	Cloud	12.471708057465552	0.0	714.7952832883047	
424	0	49	1196	2263.606969651477	5.529678781925344	5.463678781925344	6.122352551088494	11.652031333013838	0.066	2275.2590009844907	Cloud	17.300244868771813	0.0	1200.1592273004253	
425	0	2050	2551	2263.6355722025655	11.705428781925344	11.557428781925344	0.1025000000001679	11.807928781925511	0.148	2275.443500984491	Cloud	21.192771807465817	0.0	1216.2166645383277	
427	0	3274	1256	2281.435141638342	5.956975	5.859375	0.16370000000011942	6.120675000000119	0.0976	2287.555816638342	Cloud	10.918995000000143	0.0	630.4295250000123	
429	0	929	1486	2289.7637882794183	8.014653781925343	7.67578125	0.04644999999999655	8.06110378192534	0.33887253192534383	2297.8248920613437	Cloud	14.482116807465614	0.0	830.29368953831	
431	0	77	1294	2293.8669189272064	5.296697531925344	5.287897531925344	8.086562072542751	13.383259604468094	0.0088	2307.2501785316745	Cloud	19.237930044516922	0.0	1378.4757392602137	
432	0	2630	2826	2294.160512249749	13.274866281925345	13.080866281925344	0.13149999999998485	13.40636628192533	0.194	2307.5668785316743	Cloud	24.0525593074656	0.0	1380.855727038309	
436	3	164	342	2323.9052420425487	2.134313813850688	1.9402412819253438	2.2494279783966045	4.383741792247292	0.19407253192534382	2328.288983834796	Cloud	6.541078439007164	0.0	451.5254046014711	
433	0	926	1684	2321.4816300528705	6.7641537819253434	6.61328125	0.04630000000004575	6.810453781925389	0.1508725319253438	2328.292083834796	Cloud	12.231036807465673	0.0	701.4767395383151	
437	0	2320	669	2327.147288914638	5.784401313850688	5.369928781925344	0.11599999999989219	5.90040131385058	0.41447253192534383	2333.0476902284886	Cloud	10.551122364931109	0.0	607.7413353266097	
439	1	696	624	2332.1285598817753	2.5933850319253438	2.592585031925344	0.03479999999976968	2.6281850319251134	8.0E-4	2334.7567449137005	Cloud	4.7098530574653426	0.0	270.7030582882867	
440	0	4318	232	2339.1930643882806	2.9267412819253438	2.60546875	0.21590000000019094	3.1426412819255347	0.3212725319253438	2342.335705670206	Cloud	5.527214307465848	0.0	323.6920520383301	
443	0	1629	383	2342.2339290798027	2.6648075638506876	2.436335031925344	0.08145000000034397	2.7462575638510316	0.2284725319253438	2344.9801866436537	Cloud	4.8943936149316505	0.0	282.86452907665625	
441	0	152	1883	2340.604329770409	8.575857563850688	8.342585031925344	8.278871484260351	16.85472904811104	0.2332725319253438	2357.45905881852	Cloud	25.37118939604366	0.0	1736.037091955437	
442	0	771	3288	2341.6605450046695	15.976113813850688	15.565241281925344	0.03855000000011444	16.014663813850802	0.4108725319253438	2357.6752088185203	Cloud	28.80326486493138	0.0	1649.5103728266326	
444	0	464	2143	2350.224890258519	8.901622531925344	8.866022531925344	0.02320000000031186	8.924822531925656	0.0356	2359.1497127904445	Cloud	16.050760557465996	0.0	919.2567207883426	
445	0	883	744	2370.1999436562724	3.919078781925344	3.69140625	0.04415000000006497	3.963228781925409	0.2276725319253438	2374.1631724381978	Cloud	7.107321807465697	0.0	408.2125645383171	
446	0	2962	609	2371.783357854519	5.420838813850688	5.018366281925344	0.14810000000007584	5.568938813850764	0.4024725319253438	2377.35229666837	Cloud	9.93522986493133	0.0	573.6006978266287	
452	3	63	358	2377.5733963224757	1.7317388138506877	1.5808662819253438	1.5988397309471574	3.330578544797845	0.1508725319253438	2380.9039748672735	Cloud	5.035737542067826	0.0	343.04959011417805	
448	0	583	1676	2372.7386423034227	8.296932563850687	8.014460031925344	0.02914999999969048	8.326082563850377	0.28247253192534383	2381.064724867273	Cloud	14.969458614930865	0.0	857.5865040765889	
451	0	504	279	2376.6886524868137	4.657138813850688	4.205866281925344	0.025200000000259237	4.682338813850947	0.4512725319253438	2381.3709913006646	Cloud	8.41308986493155	0.0	482.28089782664756	
449	0	82	1691	2374.482230235317	8.074760031925344	7.951960031925344	2.6974495153928544	10.772209547318198	0.1228	2385.254439782635	Cloud	17.771507475937042	0.0	1109.5375833737744	
447	0	418	2326	2372.4921797507095	13.135532563850688	12.639460031925344	0.02089999999986958	13.156432563850558	0.49607253192534384	2385.64861231456	Cloud	23.669038614931083	0.0	1355.1125540766075	
456	0	181	316	2382.8060961647484	3.96023125	3.70703125	2.481837412114707	6.442068662114707	0.2532	2389.248164826863	Cloud	10.106621144537648	0.0	663.5330721978148	
453	0	1013	2536	2377.8672235449376	11.385013813850687	11.127741281925344	0.05065000000039177	11.435663813851079	0.25727253192534383	2389.3028873587887	Cloud	20.553804864931706	0.0	1177.8733728266611	
459	0	1619	183	2390.1957670009647	1.3883388138506876	1.2058662819253438	0.08094999999996566	1.4692888138506532	0.18247253192534382	2391.6650558148153	Cloud	2.5961498649311965	0.0	151.33674782661728	
450	0	895	4300	2375.5142331084935	19.511532563850686	19.139460031925342	0.0447500000001142	19.5562825638508	0.37207253192534384	2395.0705156723443	Cloud	35.17445861493137	0.0	2014.2971040766324	
457	0	1530	2870	2385.8232752163485	11.85256875	11.79296875	0.07650000000016988	11.92906875000017	0.0596	2397.7523439663487	Cloud	21.426423750000204	0.0	1228.6940812500175	
458	0	3511	1083	2389.8951408820226	8.21375	7.84375	0.1755499999998218	8.389299999999821	0.37	2398.2844408820224	Cloud	14.995409999999785	0.0	864.0978999999816	
460	0	3673	2873	2390.463409934808	12.106297531925344	12.037897531925344	0.1836500000001191	12.289947531925463	0.0684	2402.7533574667336	Cloud	22.011715557465763	0.0	1265.8645957883227	
463	0	982	253	2409.402831141914	1.6057950638506877	1.4285225319253438	0.04910000000005721	1.654895063850745	0.1772725319253438	2411.0577262057645	Cloud	2.9493511149313063	0.0	170.45419157662673	
462	0	12	1095	2409.3295323132256	5.0619412819253435	4.85546875	17.112616288304466	22.17455757022981	0.20647253192534382	2431.5040898834554	Cloud	29.646633853430977	0.0	2283.9794297336703	
466	0	1059	245	2429.5800323196045	1.9276575638506876	1.7175850319253438	0.052950000000066	1.9806075638507536	0.2100725319253438	2431.560639883455	Cloud	3.533323614931317	0.0	204.00257907662763	
465	1	431	1947	2424.9972294617633	8.132551313850687	7.963678781925344	0.021550000000100766	8.154101313850788	0.16887253192534382	2433.151330775614	Cloud	14.664452364931357	0.0	839.8724353266311	
464	0	795	5980	2409.5020910968146	23.64444753192534	23.631647531925342	0.03974999999995177	23.684197531925292	0.0128	2433.18628862874	Cloud	42.60770555746556	0.0	2439.472345788305	
468	0	1401	460	2430.099523169833	3.4728662819253437	3.330866281925344	0.0700499999997013	3.542916281925045	0.142	2433.642439451758	Cloud	6.33521930746526	0.0	364.92037703827964	
467	0	5396	294	2430.053985185747	5.123966281925344	4.768366281925344	0.2697999999999654	5.393766281925309	0.3556	2435.4477514676723	Cloud	9.546899307465578	0.0	555.5579270383068	
471	0	1642	1528	2436.2247287247696	6.516503781925344	6.33203125	0.08209999999990458	6.598603781925249	0.1844725319253438	2442.823332506695	Cloud	11.828226807465505	0.0	679.6561895383006	
475	0	3180	166	2442.229848097957	3.2166825638506875	2.858210031925344	0.15899999999997227	3.37568256385066	0.3584725319253438	2445.6055306618077	Cloud	5.980828614931204	0.0	347.69530407661796	
477	0	606	44	2443.317998325226	2.705670063850688	2.350397531925344	0.030300000000112348	2.7359700638508	0.3552725319253438	2446.053968389077	Cloud	4.9065661149313735	0.0	281.8049165766324	
478	0	238	1341	2443.5407854435543	6.1176162819253435	6.049616281925344	0.011900000000245825	6.129516281925589	0.068	2449.67030172548	Cloud	11.025989307465913	0.0	631.3401770383357	
479	1	16	6047	2454.4250186435447	24.207603781925343	24.01953125	6.865168556704532	31.072772338629875	0.18807253192534382	2485.4977909821746	Cloud	51.81188907551106	0.0	3200.495550878877	
480	0	4019	3032	2471.439789668324	14.209601313850687	13.869928781925344	0.20094999999995977	14.410551313850647	0.3396725319253438	2485.8503409821747	Cloud	25.818422364931187	0.0	1484.2867853266166	
482	1	247	501	2483.5523777667026	2.4367450638506876	2.272272531925344	0.012349999999876182	2.4490950638505637	0.1644725319253438	2486.001472830553	Cloud	4.400961114931089	0.0	252.25679157660807	
483	1	200	317	2487.6703583114863	1.463066281925344	1.30859375	27.612925478705243	29.075991760630586	0.15447253192534383	2516.746350072117	Cloud	35.76902988191191	0.0	2994.8271513449504	
489	0	423	562	2512.553980008266	4.358770063850688	4.037897531925344	0.021150000000243807	4.379920063850932	0.3208725319253438	2516.933900072117	Cloud	7.8711661149315315	0.0	451.131766576646	
487	0	8713	1460	2510.935806346053	7.693472531925344	7.375	0.4356499999997334	8.129122531925077	0.3184725319253438	2519.064928877978	Cloud	14.371030557465298	0.0	837.2996207882829	
490	0	4164	966	2526.284283335342	7.758438813850688	7.268366281925344	0.2082000000000619	7.96663881385075	0.49007253192534384	2534.250922149193	Cloud	14.215029864931312	0.0	820.5637978266273	
492	0	1215	382	2534.0482725933553	5.584845063850688	5.084772531925344	0.06075000000034514	5.645595063851033	0.5000725319253438	2539.6938676572063	Cloud	10.125621114931652	0.0	581.4962915766564	
488	0	2751	8487	2511.527642015931	34.93254506385069	34.647272531925346	0.13754999999996897	35.07009506385066	0.28527253192534385	2546.597737079782	Cloud	63.043641114931205	0.0	3612.219791576618	
491	0	5013	5573	2528.963865080676	23.07087878192534	22.963678781925342	0.25064999999993987	23.32152878192528	0.1072	2552.2853938626013	Cloud	41.82836180746554	0.0	2402.117464538304	
496	0	50	589	2560.4937426745487	2.697816281925344	2.674616281925344	7.562100887886271	10.259917169811615	0.0232	2570.7536598443603	Cloud	13.930590372929144	0.0	1056.7714684905964	
495	0	502	3248	2557.42577234436	13.3678875	13.3046875	0.025099999999889988	13.39298749999989	0.0632	2570.81875984436	Cloud	24.09231749999987	0.0	1379.4777124999887	
497	0	3048	797	2571.879797884577	4.285441281925344	4.04296875	0.1523999999997585	4.4378412819251025	0.24247253192534382	2576.317639166502	Cloud	7.89667430746533	0.0	457.09765203828556	
498	0	1102	1229	2574.9102467409048	5.542316281925344	5.487116281925344	0.05509999999989024	5.597416281925234	0.0552	2580.50766302283	Cloud	10.042289307465488	0.0	576.5338770382991	
501	0	4294	1119	2592.85322549101	4.7732950638506875	4.616022531925344	0.21469999999988865	4.987995063850576	0.15727253192534382	2597.8412205548607	Cloud	8.849571114931106	0.0	513.7634915766093	
499	0	898	1790	2590.4793169861173	8.801672531925345	8.5	0.04489999999983141	8.846572531925176	0.3016725319253438	2599.3258895180425	Cloud	15.896890557465417	0.0	911.1969707882931	
503	0	1209	1020	2609.519529663716	5.6827575638506875	5.405085031925344	0.06045000000008649	5.743207563850774	0.2776725319253438	2615.262737227567	Cloud	10.301503614931342	0.0	591.5503790766297	
504	0	1946	1490	2610.385751271569	6.498113813850687	6.315241281925344	0.09730000000019512	6.595413813850882	0.1828725319253438	2616.98116508542	Cloud	11.81336486493147	0.0	679.3276228266409	
500	0	562	6875	2591.941963949031	31.103151313850685	30.588678781925342	0.028100000000268466	31.131251313850953	0.5144725319253438	2623.073215262882	Cloud	56.019392364931555	0.0	3206.518885326648	
509	1	272	461	2630.3815447747957	2.1383888138506877	1.9871162819253438	0.013600000000260959	2.1519888138509486	0.15127253192534382	2632.5335335886466	Cloud	3.865419864931551	0.0	221.6548478266477	
508	1	283	458	2630.3105695458166	2.4668638138506878	2.283991281925344	0.014150000000262342	2.48101381385095	0.1828725319253438	2632.7915833596676	Cloud	4.4573348649315525	0.0	255.54442282664786	
505	0	2437	2222	2615.118856118548	17.66855131385069	16.713678781925346	0.12185000000021873	17.790401313850907	0.9548725319253438	2632.909257432399	Cloud	31.949612364931504	0.0	1832.4113353266434	
507	0	127	697	2630.217357116628	3.128303781925344	3.104303781925344	11.058501065469908	14.186804847395251	0.024	2644.4041619640234	Cloud	18.901148086029508	0.0	1461.2408992817109	
511	0	1518	561	2641.6418807140235	2.941553781925344	2.73828125	0.07589999999992525	3.017453781925269	0.2032725319253438	2644.6593344959488	Cloud	5.38587680746553	0.0	310.7977395383027	
512	0	352	115	2644.4334955907775	3.864075	3.546875	0.017600000000086435	3.8816750000000866	0.3172	2648.3151705907776	Cloud	6.976455000000104	0.0	399.8125250000089	
513	0	2357	429	2648.1342402140212	2.1942513138506876	2.026178781925344	0.11785000000000201	2.3121013138506896	0.16807253192534383	2650.446341527872	Cloud	4.09107236493124	0.0	238.14643532662103	
514	0	262	562	2648.99018838276	2.3555037819253437	2.354303781925344	0.013100000000341616	2.3686037819256853	0.0012	2651.358792164686	Cloud	4.2556268074660295	0.0	243.9661895383456	
515	0	5318	216	2652.189255677456	4.3283662819253435	3.87109375	0.2658999999998857	4.594266281925229	0.4572725319253438	2656.7835219593812	Cloud	8.11013930746548	0.0	473.2094270382986	
517	0	3318	532	2654.005804020823	5.490395063850688	5.053522531925344	0.16590000000016047	5.656295063850848	0.4368725319253438	2659.6620990846736	Cloud	10.08179111493143	0.0	582.5983915766374	
516	0	1473	2311	2652.4311118729534	12.994260031925343	12.639460031925344	0.07364999999995092	13.067910031925294	0.3548	2665.4990219048786	Cloud	23.478048057465557	0.0	1345.9947332883053	
518	0	1431	228	2681.581249957861	8.229335031925343	7.4140625	0.0715500000003022	8.300885031925645	0.8152725319253439	2689.8821349897867	Cloud	14.898663057465981	0.0	854.9911582883415	
520	0	2147	719	2686.1893407832204	4.5931013138506875	4.307428781925344	0.10735000000017525	4.700451313850863	0.2856725319253438	2690.889792097071	Cloud	8.396402364931449	0.0	484.14648532663887	
519	0	2890	1528	2683.7505118697795	7.248566281925344	7.143366281925344	0.1444999999999137	7.3930662819252575	0.1052	2691.143578151705	Cloud	13.220819307465515	0.0	761.4858270383015	
522	0	5937	818	2699.5467636139324	3.782682563850688	3.608210031925344	0.2968500000003016	4.079532563850989	0.17447253192534382	2703.6262961777834	Cloud	7.1650486149316	0.0	420.1918540766519	
521	0	498	5615	2691.2636408204994	27.55325	27.03125	0.02489999999982473	27.578149999999823	0.522	2718.841790820499	Cloud	49.62572999999979	0.0	2840.549449999982	
524	0	1914	306	2737.4585383837257	1.6061263138506876	1.4480537819253438	0.09570000000000056	1.7018263138506882	0.15807253192534382	2739.1603646975764	Cloud	3.0058673649312384	0.0	175.28811032662088	
526	0	2241	698	2739.826497390125	3.3268513138506877	3.151178781925344	0.11205000000045962	3.4389013138511473	0.17567253192534382	2743.265398703976	Cloud	6.122792364931789	0.0	354.20683532666817	
523	0	1190	2733	2731.930597741396	14.069966281925344	13.62109375	0.059499999999689024	14.129466281925033	0.4488725319253438	2746.060064023321	Cloud	25.39733930746525	0.0	1455.3350270382784	
525	0	1323	2937	2738.744419780558	12.085863813850688	11.908991281925344	0.06615000000008386	12.152013813850772	0.1768725319253438	2750.896433594409	Cloud	21.83393486493134	0.0	1251.6574228266295	
527	0	676	1059	2743.400473043097	8.018370063850687	7.537897531925344	0.03380000000032091	8.052170063851008	0.4804725319253438	2751.452643106948	Cloud	14.473626114931623	0.0	829.3735165766539	
528	0	2696	1019	2747.652079551356	6.019045063850688	5.709772531925344	0.13479999999975245	6.15384506385044	0.3092725319253438	2753.8059246152065	Cloud	10.996041114930941	0.0	633.8460415765953	
530	0	1327	1761	2752.354449187569	7.819388813850687	7.612116281925344	0.06635000000013402	7.885738813850821	0.2072725319253438	2760.24018800142	Cloud	14.154519864931398	0.0	812.2310978266346	
532	0	1826	109	2759.376151754121	2.5892388138506877	2.268366281925344	0.09130000000025662	2.6805388138509443	0.3208725319253438	2762.056690567972	Cloud	4.770189864931546	0.0	276.09549782664726	
531	0	3178	2857	2753.3545500341797	13.293470063850688	12.975397531925344	0.15889999999990678	13.452370063850594	0.3180725319253438	2766.8069200980303	Cloud	24.118926114931124	0.0	1385.5941165766112	
534	3	106	922	2764.0356578302544	3.753141281925344	3.752741281925344	28.590347035060823	32.34348831698617	4.0E-4	2796.3791461472406	Cloud	41.06407074953861	0.0	3331.3792966495753	
535	0	1234	749	2791.6560898972407	4.90665625	4.72265625	0.061700000000397104	4.968356250000397	0.184	2796.624446147241	Cloud	8.906021250000476	0.0	511.7406937500409	
536	0	472	2434	2799.589618404909	10.822078781925343	10.56640625	0.023600000000127963	10.845678781925471	0.2556725319253438	2810.4352971868343	Cloud	19.508061807465772	0.0	1117.1049145383236	
538	0	12075	828	2811.920374291894	5.845682563850688	5.483210031925344	0.6037500000004448	6.449432563851133	0.3624725319253438	2818.369806855745	Cloud	11.246728614931772	0.0	664.2915540766667	
541	0	4960	163	2818.029121700544	1.2111700638506877	1.0378975319253438	0.24800000000001865	1.4591700638507064	0.1732725319253438	2819.4882917643945	Cloud	2.47770611493126	0.0	150.29451657662275	
537	0	1570	2385	2806.331332786092	14.731082563850688	14.108210031925344	0.07849999999996626	14.809582563850654	0.6228725319253439	2821.1409153499426	Cloud	26.610148614931198	0.0	1525.3870040766174	
540	0	2889	1680	2817.94994093204	6.994845063850688	6.834772531925344	0.14444999999988006	7.139295063850568	0.16007253192534382	2825.0892359958907	Cloud	12.764061114931094	0.0	735.3473915766085	
542	0	1084	1813	2820.3198884486405	8.198210031925344	8.108210031925344	0.054200000000248494	8.252410031925592	0.09	2828.572298480566	Cloud	14.821818057465917	0.0	849.998233288336	
539	0	489	3674	2813.0639699406843	19.838585031925344	19.342585031925346	0.024450000000047822	19.863035031925392	0.496	2832.9270049726097	Cloud	35.73879305746568	0.0	2045.8926082883154	
548	0	967	1604	2862.558802786844	8.945832563850688	8.576960031925344	0.04835000000001166	8.9941825638507	0.3688725319253438	2871.5529853506946	Cloud	16.160518614931252	0.0	926.4008040766221	
550	2	2118	1211	2865.9532735721023	5.507313813850688	5.315241281925344	0.10590000000027366	5.613213813850962	0.19207253192534382	2871.566487385953	Cloud	10.040244864931568	0.0	578.1610228266491	
552	0	387	307	2870.9019491491595	4.0301450638506875	3.647272531925344	0.019350000000139644	4.049495063850827	0.3828725319253438	2874.9514442130103	Cloud	7.277481114931405	0.0	417.0979915766352	
553	2	4274	420	2873.0835342111077	2.2495263138506876	2.073053781925344	0.21369999999986744	2.463226313850555	0.17647253192534382	2875.5467605249582	Cloud	4.305587364931078	0.0	253.71231032660717	
546	0	1449	4228	2857.1205561595884	19.26731875	19.01171875	0.07245000000007451	19.339768750000076	0.2556	2876.4603249095885	Cloud	34.7681137500001	0.0	1991.9961812500078	
551	0	5054	1422	2869.9928863902264	8.053172531925345	7.834772531925344	0.2527000000002708	8.305872531925615	0.2184	2878.298758922152	Cloud	14.798950557465947	0.0	855.5048707883384	
555	1	41	489	2877.4444040184244	2.09101875	2.07421875	0.09077564308596564	2.1817943930859656	0.0168	2879.6261984115104	Cloud	3.8727645217031585	0.0	224.72482248785445	
549	0	1923	2440	2863.856657129585	16.374741281925346	15.752741281925344	0.09614999999975993	16.470891281925105	0.622	2880.32754841151	Cloud	29.58991430746533	0.0	1696.5018020382859	
557	0	670	4999	2889.528193377734	21.02591875	20.88671875	0.033500000000078245	21.059418750000077	0.1392	2910.5876121277342	Cloud	37.88685375000009	0.0	2169.120131250008	
560	0	893	1133	2920.6220934151766	7.273932563850687	6.889460031925344	0.044649999999981205	7.3185825638506685	0.3844725319253438	2927.940675979027	Cloud	13.146658614931214	0.0	753.8140040766189	
565	0	3797	821	2925.4504734538477	5.379101313850688	5.057428781925344	0.1898500000002148	5.568951313850903	0.32167253192534384	2931.0194247676986	Cloud	9.910202364931497	0.0	573.601985326643	
558	0	572	3371	2916.7349172342997	14.671710031925343	14.3984375	0.02859999999991203	14.700310031925255	0.27327253192534384	2931.435227266225	Cloud	26.44339805746551	0.0	1514.1319332883013	
561	0	1581	2296	2922.523403998816	9.309803781925345	9.291803781925344	0.0790499999999188	9.388853781925263	0.018	2931.912257780741	Cloud	16.85250680746552	0.0	967.0519395383021	
563	0	2987	1456	2923.695779994626	8.086941281925343	7.877741281925344	0.14934999999998944	8.236291281925332	0.2092	2931.932071276551	Cloud	14.735714307465605	0.0	848.3380020383092	
564	0	973	1878	2924.0591624539493	9.985141281925344	9.752741281925344	0.04865000000011577	10.03379128192546	0.2324	2934.0929537358747	Cloud	18.031634307465758	0.0	1033.4805020383224	
562	0	4110	3472	2922.8736221753356	14.786335031925343	14.686335031925344	0.20550000000000423	14.991835031925348	0.1	2937.865457207261	Cloud	26.862003057465625	0.0	1544.1590082883108	
566	0	677	2814	2927.1168036866648	12.719853781925345	12.573053781925344	0.03384999999985183	12.753703781925196	0.1468	2939.87050746859	Cloud	22.936356807465444	0.0	1313.6314895382952	
567	0	2076	232	2938.8412553173594	4.3081875	3.9921875	0.10379999999966838	4.411987499999668	0.316	2943.253242817359	Cloud	7.879297499999602	0.0	454.4347124999658	
568	0	498	1861	2941.838930544319	8.574325	8.453125	0.024899999999933087	8.599224999999933	0.1212	2950.4381555443188	Cloud	15.46366499999992	0.0	885.7201749999931	
569	0	43	133	2951.1877930317323	1.927675	1.796875	3.01519396991207	4.94286896991207	0.1308	2956.1306620016444	Cloud	7.088047763894483	0.0	509.11550390094317	
570	0	2921	191	2953.5428307516445	2.63223125	2.45703125	0.14604999999996382	2.7782812499999636	0.1752	2956.3211120016445	Cloud	4.913276249999956	0.0	286.16296874999625	
572	0	2062	80	2974.0866092219862	0.8697263138506877	0.6980537819253438	0.1030999999997313	0.972826313850419	0.17167253192534382	2975.0594355358367	Cloud	1.6892273649309155	0.0	100.20111032659315	
571	0	5333	2220	2972.344475177375	9.068910031925343	8.8984375	0.26665000000018146	9.335560031925525	0.1704725319253438	2981.6800352093005	Cloud	16.644018057465836	0.0	961.562683288329	
574	0	1650	25	2984.4431727843603	0.4955513138506876	0.33867878192534384	0.08249999999997726	0.5780513138506649	0.1568725319253438	2985.021224098211	Cloud	0.9909923649312105	0.0	59.53928532661848	
573	0	1308	2826	2974.3536824408566	14.218795063850688	13.803522531925344	0.06540000000011403	14.284195063850802	0.41527253192534386	2988.6378775047074	Cloud	25.67231111493138	0.0	1471.2720915766326	
575	0	645	1166	2985.297513367465	11.136357563850687	10.405085031925344	0.0322500000001682	11.168607563850856	0.7312725319253438	2996.466120931316	Cloud	20.08414361493144	0.0	1150.3665790766381	
576	0	6283	133	2991.8333658404185	7.1701013138506875	6.432428781925344	0.314150000000331	7.4842513138510185	0.7376725319253439	2999.3176171542696	Cloud	13.283162364931636	0.0	770.8778853266549	
578	0	1323	30	3010.383980180401	1.2988200638506877	1.0691475319253438	0.06615000000001792	1.3649700638507056	0.22967253192534381	3011.748950244252	Cloud	2.4172561149312592	0.0	140.59191657662268	
577	0	706	4164	2994.9532151865055	17.25692253192534	17.178522531925342	0.035299999999949705	17.29222253192529	0.0784	3012.245437718431	Cloud	31.10482055746555	0.0	1781.098920788305	
579	1	1229	2690	3020.1884890274155	10.64130625	10.62890625	0.06145000000022094	10.70275625000022	0.0124	3030.8912452774157	Cloud	19.228091250000265	0.0	1102.3838937500227	
580	0	555	1307	3032.236344249487	7.7116100319253436	7.3359375	0.027750000000227537	7.739360031925571	0.3756725319253438	3039.9757042814126	Cloud	13.91419805746589	0.0	797.1540832883338	
581	0	50	2025	3034.209947267445	9.431122531925343	9.303522531925344	0.29066452673383125	9.721787058659174	0.1276	3043.931734326104	Cloud	17.324817989546215	0.0	1001.344067041895	
582	0	3066	967	3038.762330544179	5.156203781925344	5.041803781925344	0.15329999999994293	5.309503781925287	0.1144	3044.071834326104	Cloud	9.46512680746555	0.0	546.8788895383045	
585	1	167	85	3054.070739990525	0.7462912819253438	0.57421875	13.655717117867177	14.402008399792521	0.1720725319253438	3068.4727483903175	Cloud	17.73018484890623	0.0	1483.4068651786297	
587	0	909	2127	3058.390519608392	10.221428781925344	9.91015625	0.045449999999899404	10.266878781925243	0.3112725319253438	3068.657398390317	Cloud	18.453111807465497	0.0	1057.4885145383	
591	0	5003	1440	3070.3917279215916	7.809988813850688	7.487116281925344	0.2501500000000112	8.060138813850699	0.3228725319253438	3078.4518667354423	Cloud	14.358159864931253	0.0	830.194297826622	
589	0	1005	1621	3064.3291908672945	16.083101313850687	15.057428781925344	0.05024999999996638	16.133351313850653	1.0256725319253437	3080.462542181145	Cloud	29.009882364931197	0.0	1661.7351853266173	
588	0	6985	5895	3063.351222669947	24.453572531925342	24.334772531925342	0.34925000000047035	24.802822531925813	0.1188	3088.154045201873	Cloud	44.43553055746618	0.0	2554.6907207883587	
592	0	88	550	3089.4720699006803	4.000125	3.828125	0.4471722063499586	4.447297206349958	0.172	3093.91936710703	Cloud	7.73683164761995	0.0	458.0716122540457	
593	0	301	679	3089.592282075105	4.4411575638506875	4.155085031925344	0.015049999999824593	4.456207563850512	0.2860725319253438	3094.0484896389553	Cloud	8.012143614931027	0.0	458.98937907660275	
595	0	1390	13	3102.277052897588	0.4702075638506876	0.31133503192534384	0.06950000000001	0.5397075638506976	0.1588725319253438	3102.8167604614387	Cloud	0.9297736149312498	0.0	55.589879076621855	
596	0	3488	1025	3104.9053941445222	4.410413813850687	4.252741281925344	0.17440000000012734	4.584813813850815	0.1576725319253438	3109.490207958373	Cloud	8.14802486493139	0.0	472.2358228266339	
594	0	877	2405	3101.2941760099893	10.4323375	10.3359375	0.04384999999992445	10.476187499999924	0.0964	3111.7703635099892	Cloud	18.83082749999991	0.0	1079.0473124999921	
597	0	715	305	3116.2114818227597	3.6511350319253437	3.2890625	0.0357499999998141	3.686885031925158	0.36207253192534383	3119.898366854685	Cloud	6.614943057465395	0.0	379.74915828829126	
600	0	814	67	3117.7599484239004	2.8075725319253437	2.584772531925344	0.040700000000087666	2.8482725319254314	0.2228	3120.608220955826	Cloud	5.102470557465724	0.0	293.37207078831943	
602	0	3619	468	3124.1703627253532	6.478875	6.046875	0.1809499999997275	6.659824999999728	0.432	3130.830187725353	Cloud	11.879114999999675	0.0	685.961974999972	
604	0	341	493	3131.089573870974	4.705032563850688	4.326960031925344	0.017049999999875	4.722082563850563	0.37807253192534385	3135.8116564348247	Cloud	8.48951861493109	0.0	486.374504076608	
603	0	1353	1304	3130.571026040795	6.352895063850688	6.116022531925344	0.06764999999988053	6.420545063850568	0.2368725319253438	3136.9915711046456	Cloud	11.516391114931094	0.0	661.3161415766085	
606	0	1462	1187	3133.12985722766	5.327438813850688	5.143366281925344	0.07310000000005612	5.400538813850744	0.1840725319253438	3138.530396041511	Cloud	9.677109864931305	0.0	556.2554978266267	
607	0	89	1229	3133.4618078751155	7.058116281925344	6.862116281925344	4.574397744347131	11.632514026272474	0.196	3145.094321901388	Cloud	18.193886600682177	0.0	1198.1489447060649	
605	0	97	1949	3131.8487056194626	13.591216281925345	13.049616281925344	3.1403670917153157	16.73158337364066	0.5416	3148.5802889931033	Cloud	28.232629817524	0.0	1723.353087484988	
608	3	168	226	3147.0738452431033	1.1205162819253438	0.96484375	7.174210923409422	8.294727205334766	0.1556725319253438	3155.368572448438	Cloud	10.625982415556924	0.0	854.3569021494809	
611	0	445	10	3154.4718773845875	0.9450950638506876	0.7410225319253438	0.022249999999956138	0.9673450638506438	0.2040725319253438	3155.439222448438	Cloud	1.7278711149311852	0.0	99.63654157661631	
610	0	952	1879	3152.183126193365	7.560322531925344	7.40625	0.04760000000005249	7.6079225319253965	0.15407253192534381	3159.7910487252902	Cloud	13.665700557465684	0.0	783.6160207883158	
613	0	1437	456	3157.117084095355	2.7647950638506877	2.553522531925344	0.07184999999979524	2.836645063850483	0.21127253192534381	3159.9537291592055	Cloud	5.062851114930992	0.0	292.17444157659975	
612	0	349	1976	3155.1126178355476	8.228607563850687	8.061335031925344	0.01744999999993979	8.246057563850627	0.1672725319253438	3163.358675399398	Cloud	14.832433614931166	0.0	849.3439290766146	
615	1	255	595	3170.13639098004	2.735032563850688	2.576960031925344	0.012750000000017803	2.7477825638507056	0.15807253192534382	3172.8841735438905	Cloud	4.93835861493126	0.0	283.0216040766227	
616	0	6089	163	3174.319472154557	2.180076313850688	1.9168037819253438	0.30445000000020483	2.4845263138508926	0.26327253192534383	3176.803998468408	Cloud	4.289477364931484	0.0	255.90621032664194	
617	0	239	1158	3182.133159928897	5.511288813850688	5.299616281925344	0.011949999999951721	5.523238813850639	0.2116725319253438	3187.6563987427476	Cloud	9.93465986493118	0.0	568.8935978266159	
614	0	1066	7146	3160.997523337381	28.996651313850688	28.776178781925342	0.05329999999998236	29.04995131385067	0.22047253192534383	3190.047474651232	Cloud	52.25793236493122	0.0	2992.144985326619	
618	0	355	1542	3182.706140955427	7.876845063850688	7.584772531925344	0.017750000000141597	7.894595063850829	0.2920725319253438	3190.600736019278	Cloud	14.199621114931409	0.0	813.1432915766354	
619	0	831	223	3188.516560808683	5.871510031925344	5.420710031925344	0.04155000000005327	5.913060031925397	0.4508	3194.4296208406085	Cloud	10.618578057465683	0.0	609.0451832883159	
625	0	7356	801	3218.503341229009	5.139925	4.953125	0.36779999999993684	5.507724999999937	0.1868	3224.011066229009	Cloud	9.693224999999925	0.0	567.2956749999935	
626	2	5887	3092	3231.3750605565297	12.2676	12.25	0.2943500000002519	12.561950000000252	0.0176	3243.93701055653	Cloud	22.4349000000003	0.0	1293.880850000026	
628	0	2977	1834	3249.373450485668	8.198422531925344	7.96875	0.14884999999988402	8.347272531925228	0.22967253192534381	3257.720723017593	Cloud	14.93578055746548	0.0	859.7690707882984	
629	0	5529	1050	3253.9440595812157	9.670403781925344	9.166803781925344	0.2764499999999117	9.946853781925256	0.5036	3263.890913363141	Cloud	17.738466807465514	0.0	1024.5259395383014	
631	0	2189	260	3275.6077538712616	1.3342875	1.3046875	0.10944999999977001	1.44373749999977	0.0296	3277.0514913712614	Cloud	2.533057499999724	0.0	148.70496249997632	
633	0	638	254	3287.2038708678538	3.749907563850688	3.373835031925344	0.03189999999994653	3.7818075638506343	0.37607253192534384	3290.9856784317044	Cloud	6.788113614931174	0.0	389.52617907661534	
634	1	351	603	3290.095024616868	2.7576700638506875	2.600397531925344	0.01754999999992357	2.775220063850611	0.15727253192534382	3292.8702446807188	Cloud	4.984866114931146	0.0	285.84766657661294	
632	0	483	948	3287.202542084119	6.451372531925344	6.0625	0.024150000000091154	6.475522531925435	0.3888725319253438	3293.6780646160446	Cloud	11.641450557465728	0.0	666.9788207883198	
635	0	2	1025	3293.1038268464545	5.632528781925344	5.494928781925344	12.668677132310307	18.301205914235652	0.1376	3311.40503276069	Cloud	25.340964366237987	0.0	1885.0242091662722	
636	0	1007	184	3308.62290151069	2.989003781925344	2.64453125	0.05035000000011225	3.039353781925456	0.3444725319253438	3311.6622552926156	Cloud	5.440626807465754	0.0	313.053439538322	
643	0	395	96	3331.8968706785445	2.904488813850688	2.549616281925344	0.019749999999791434	2.9242388138504793	0.35487253192534385	3334.821109492395	Cloud	5.251779864930988	0.0	301.1965978265994	
640	0	5013	585	3330.1849551921678	5.9334100319253436	5.4609375	0.25064999999978443	6.184060031925128	0.4724725319253438	3336.369015224093	Cloud	10.980918057465361	0.0	636.9581832882882	
641	0	3206	1519	3330.2969762403172	8.234851313850688	7.901178781925344	0.16030000000018596	8.395151313850874	0.33367253192534385	3338.692127554168	Cloud	15.015092364931462	0.0	864.7005853266401	
644	0	46	1636	3332.0723955581443	9.006238813850688	8.643366281925344	2.8349622050656205	11.841201018916308	0.36287253192534386	3343.9135965770606	Cloud	19.613184511009983	0.0	1219.6437049483798	
645	0	2208	1754	3334.07142026321	9.880576313850687	9.479303781925344	0.11040000000006422	9.990976313850751	0.40127253192534384	3344.0623965770606	Cloud	17.917517364931314	0.0	1029.0705603266274	
648	0	325	127	3342.138797316133	3.206445063850688	2.834772531925344	0.016250000000318288	3.222695063851006	0.3716725319253438	3345.361492379984	Cloud	5.79110111493162	0.0	331.93759157665363	
647	0	2770	2071	3336.8443260950035	9.821816281925344	9.674616281925344	0.1384999999999721	9.960316281925316	0.1472	3346.8046423769288	Cloud	17.84546930746559	0.0	1025.9125770383075	
649	0	1969	217	3347.2350139345126	1.68306875	1.60546875	0.09845000000003212	1.781518750000032	0.0776	3349.0165326845126	Cloud	3.1476637500000386	0.0	183.4964312500033	
646	0	733	1008	3335.6019323554124	15.306860031925345	14.264460031925344	0.036649999999889715	15.343510031925234	1.0424	3350.9454423873376	Cloud	27.596328057465488	0.0	1580.3815332882991	
650	1	608	445	3349.4877889642516	2.285175	2.234375	0.030400000000080585	2.3155750000000808	0.0508	3351.8033639642517	Cloud	4.149795000000097	0.0	238.50422500000832	
652	0	4581	1692	3358.2785099875796	7.7910075638506875	7.561335031925344	0.22904999999982678	8.020057563850514	0.22967253192534381	3366.29856755143	Cloud	14.29867361493103	0.0	826.065929076603	
654	0	2422	659	3367.1650247746074	4.052982563850688	3.795710031925344	0.12110000000010057	4.174082563850789	0.25727253192534383	3371.3391073384582	Cloud	7.440688614931359	0.0	429.9305040766312	
651	0	6442	3737	3356.49422659419	15.3857	15.3125	0.3220506126101981	15.707750612610198	0.0732	3372.2019772068	Cloud	28.08072073513224	0.0	1617.8983130988504	
653	0	1088	1080	3363.783223424875	8.841076313850687	8.291803781925344	0.10815000000019914	8.949226313850886	0.5492725319253439	3372.732449738726	Cloud	16.043717364931474	0.0	921.7703103266413	
655	0	811	212	3400.4116147072136	3.101825	2.890625	0.04055000000035669	3.1423750000003565	0.2112	3403.553989707214	Cloud	5.631945000000428	0.0	323.6646250000367	
661	0	4977	425	3414.7279571209915	2.3810200638506878	2.194147531925344	0.248850000000143	2.6298700638508308	0.1868725319253438	3417.3578271848423	Cloud	4.5844561149314105	0.0	270.87661657663557	
662	0	6782	180	3415.0819678562284	6.966132563850688	6.264460031925344	0.3391000000002622	7.30523256385095	0.7016725319253438	3422.3872004200794	Cloud	12.945958614931552	0.0	752.4389540766479	
659	0	1271	703	3411.9211585719568	10.796195063850687	9.928522531925344	0.06355000000013611	10.859745063850823	0.8676725319253439	3422.7809036358076	Cloud	19.509411114931403	0.0	1118.5537415766348	
660	0	2059	1416	3413.810367556808	9.786685031925344	9.405085031925344	0.10295000000019172	9.889635031925536	0.3816	3423.7000025887337	Cloud	17.73957305746585	0.0	1018.6324082883302	
663	0	7576	1936	3416.666847857582	8.428916281925344	8.362116281925344	0.3788000000000782	8.807716281925423	0.0668	3425.4745641395075	Cloud	15.626609307465714	0.0	907.1947770383185	
667	0	71	192	3430.26053159029	1.9479975319253438	1.8503975319253438	0.47551389913417985	2.4235114310595236	0.0976	3432.6840430213497	Cloud	4.077012236426635	0.0	249.62167739913093	
657	0	5899	4367	3409.7778492713496	23.39739375	22.80859375	0.2949499999999645	23.692343749999964	0.5888	3433.4701930213496	Cloud	42.469248749999956	0.0	2440.3114062499963	
664	0	373	891	3426.0789094763923	9.51783125	8.95703125	0.01865000000017858	9.536481250000179	0.5608	3435.6153907263924	Cloud	17.154476250000215	0.0	982.2575687500184	
669	0	4992	116	3458.6214378347017	3.2409888138506875	2.862116281925344	0.24960000000030336	3.490588813850991	0.3788725319253438	3462.1120266485527	Cloud	6.133299864931602	0.0	359.53064782665206	
668	0	5287	829	3456.9188390851223	5.1511162819253435	4.83984375	0.26434999999974806	5.415466281925092	0.3112725319253438	3462.3343053670474	Cloud	9.589229307465315	0.0	557.7930270382844	
672	0	3228	95	3465.6728122232926	1.5914825638506875	1.3582100319253438	0.16139999999987475	1.7528825638505623	0.2332725319253438	3467.425694787143	Cloud	3.058348614931087	0.0	180.54690407660792	
671	0	1077	692	3465.371690433403	3.3507825638506876	3.170710031925344	0.05384999999986739	3.404632563850555	0.1800725319253438	3468.7763229972534	Cloud	6.096028614931079	0.0	350.67715407660717	
675	0	396	822	3472.6922698242442	5.111713813850688	4.815241281925344	0.01980000000000004	5.131513813850688	0.29647253192534384	3477.823783638095	Cloud	9.224844864931239	0.0	528.5459228266209	
673	0	167	1404	3466.327294675436	9.301432563850687	8.826960031925344	2.353256398808151	11.654688962658838	0.4744725319253438	3477.981983638095	Cloud	19.56648629350102	0.0	1200.4329631538603	
670	0	1325	3620	3464.6088328640185	15.373072531925343	15.125	0.06624999999962888	15.439322531924972	0.24807253192534381	3480.0481553959435	Cloud	27.751030557465175	0.0	1590.2502207882721	
677	0	858	535	3477.5854503887085	2.6892725319253437	2.647272531925344	0.04289999999990002	2.7321725319252437	0.042	3480.3176229206338	Cloud	4.892170557465499	0.0	281.4137707883001	
676	1	53	1114	3476.167959492935	4.702088813850688	4.549616281925344	14.103237243448538	18.805326057299226	0.15247253192534382	3494.9732855502343	Cloud	25.387644557069486	0.0	1936.9485839018203	
679	0	4196	324	3490.074719268309	5.249766281925344	4.74609375	0.209800000000274	5.459566281925618	0.5036725319253438	3495.5342855502345	Cloud	9.701339307465949	0.0	562.3353270383386	
680	0	1430	1660	3493.7320123840545	8.358453781925343	8.198053781925344	0.07150000000028989	8.429953781925633	0.1604	3502.16196616598	Cloud	15.131016807465965	0.0	868.2852395383402	
681	0	10472	1332	3510.8453310577047	6.233178781925344	6.00390625	0.5235999999999335	6.756778781925277	0.2292725319253438	3517.60210983963	Cloud	11.84804180746554	0.0	695.9482145383035	
684	0	1112	100	3517.9073031892917	1.7315888138506876	1.4871162819253438	0.055600000000429084	1.7871888138511167	0.2444725319253438	3519.694492003143	Cloud	3.183579864931753	0.0	184.08044782666502	
682	0	8636	953	3511.4794597590467	9.688532563850687	9.014460031925344	0.4318000000000648	10.120332563850752	0.6740725319253439	3521.5997923228974	Cloud	17.957518614931313	0.0	1042.3942540766275	
683	0	6010	2629	3517.902224651634	13.060841281925343	12.815241281925344	0.30050000000009014	13.361341281925434	0.2456	3531.263565933559	Cloud	23.870114307465727	0.0	1376.2181520383197	
687	0	631	1334	3532.59103529724	5.7853888138506875	5.612116281925344	0.031550000000123646	5.816938813850811	0.1732725319253438	3538.407974111091	Cloud	10.451559864931385	0.0	599.1446978266335	
686	0	396	2709	3532.206836791462	14.523970063850687	14.037897531925344	0.01980000000015636	14.543770063850843	0.48607253192534383	3546.750606855313	Cloud	26.166906114931425	0.0	1498.0083165766368	
685	0	4411	6268	3531.6146040135623	26.70209375	26.49609375	0.22055000000013436	26.922643750000134	0.206	3558.5372477635624	Cloud	48.328428750000164	0.0	2773.032306250014	
691	1	572	129	3561.1225290409498	0.94314375	0.90234375	0.028600000000314374	0.9717437500003143	0.0408	3562.09427279095	Cloud	1.7319787500003772	0.0	100.08960625003238	
692	2	4978	424	3569.3272723743717	2.13855	2.09375	0.24890000000017176	2.3874500000001717	0.0448	3571.714722374372	Cloud	4.148070000000207	0.0	245.9073500000177	
697	0	461	651	3583.275011181899	6.6743825638506875	6.170710031925344	0.023050000000037763	6.697432563850725	0.5036725319253438	3589.97244374575	Cloud	12.041548614931283	0.0	689.8355540766247	
695	0	1052	3619	3575.44543372954	16.286397531925346	15.953125	0.052600000000197156	16.338997531925543	0.3332725319253438	3591.7844312614657	Cloud	29.37863555746586	0.0	1682.916745788331	
