Task_ID	Task_Type	Task_Lenght	TaskInputType	TaskStartTime	NetworkDelay	Uploading Delay	ExecutionDelay	ServiceTime	Downloading Delay	EndTime	offloadingPlace	IoTenergy	EdgeEnergy	CloudEnergy	
2	3	110	1584	16.331929222407993	6.0800625	3.0640625000000004	0.10999999999999588	6.190062499999996	3.016	22.52199172240799	Edge	11.076112499999995	664.4351186874995	0.0	
9	0	1230	366	39.04262137064025	4.829199328396763	1.2640625	1.229999999999995	6.059199328396758	3.5651368283967626	45.101820699037006	Edge	10.168558791114167	650.3883967107796	0.0	
10	0	411	1190	39.43425422232714	10.265193720909735	3.2840568925129725	0.41100000000000136	10.676193720909737	6.981136828396762	50.11044794323688	Edge	18.970548697637525	1145.9719578087302	0.0	
12	0	8192	2224	44.813561947020354	3.865431892512973	3.593431892512973	8.192	12.057431892512973	0.272	56.87099383953333	Edge	16.78817740652335	1294.23268191045	0.0	
20	3	219	385	71.64938450060515	2.5718187209097354	0.9746818925129728	0.21899999999999098	2.7908187209097264	1.5971368283967626	74.44020322151488	Edge	4.892073697637513	299.56369068372913	0.0	
17	0	2844	197	62.884473707156474	12.366124999999998	2.2781249999999997	2.8439999999999923	15.21012499999999	10.088	78.09459870715646	Edge	25.671824999999988	1632.639607374999	0.0	
21	3	11	557	75.14334934664531	4.466193720909736	1.509056892512973	0.010999999999988574	4.477193720909725	2.9571368283967625	79.62054306755503	Edge	8.052348697637512	480.57749680872894	0.0	
28	3	340	125	124.40972358198158	1.5245000000000002	0.4125	0.3399999999999923	1.8644999999999925	1.112	126.27422358198157	Edge	3.152099999999991	200.13356549999918	0.0	
42	0	900	3342	219.43976767771403	10.8733125	6.1453125	0.9000000000000021	11.773312500000003	4.728	231.21308017771403	Edge	20.651962500000003	1263.7355904375004	0.0	
48	0	1826	1823	275.95216237060845	3.5751875	2.9671875	1.8260000000000485	5.401187500000049	0.608	281.3533498706085	Edge	8.626537500000058	579.7580650625052	0.0	
55	0	4893	3381	303.5768636678862	12.7606875	6.5046875	4.892999999999933	17.653687499999933	6.256	321.2305511678861	Edge	28.840837499999918	1894.9291625624928	0.0	
58	1	536	353	327.877938079297	1.2783125	0.6703125	0.5360000000000282	1.8143125000000282	0.608	329.692250579297	Edge	2.9441625000000338	194.74648943750302	0.0	
62	0	492	1567	346.1715185790037	6.7515625	3.1515625	0.4920000000000524	7.243562500000053	3.6	353.41508107900376	Edge	12.743212500000064	777.5167551875056	0.0	
76	1	252	777	381.9805513900464	1.54875	1.26875	0.25199999999999356	1.8007499999999936	0.28	383.7813013900464	Edge	3.090149999999993	193.29070424999932	0.0	
90	0	1379	1569	431.3426304267088	4.830994392512973	2.894994392512973	1.378999999999981	6.209994392512954	1.936	437.55262481922176	Edge	10.350589906523329	666.574588097948	0.0	
89	2	9269	411	430.896186458253	5.892	1.5	9.269000000000002	15.161000000000001	4.392	446.057186458253	Edge	21.7284	1627.3665790000002	0.0	
110	0	812	2054	514.9705330433246	7.550750000000001	3.91875	0.8120000000000047	8.362750000000005	3.632	523.3332830433246	Edge	14.565750000000008	897.6492222500005	0.0	
117	3	62	3365	570.1976454720516	6.082199328396762	5.3890625	0.06200000000001804	6.14419932839678	0.6931368283967626	576.3418448004484	Edge	11.022358791114195	659.512211710782	0.0	
34	3	3	237	178.65514150872676	2.5888125	0.7328125	396.19875396332486	398.7875664633249	1.856	577.4427079720516	Edge	480.0983672559898	42805.458596606826	0.0	
138	2	432	616	699.8435745925445	7.4745625	2.0265625	0.43199999999994976	7.90656249999995	5.448	707.7501370925445	Edge	13.97261249999994	848.6825121874946	0.0	
154	2	1163	7	812.7571669497856	2.8147618283967626	0.465625	1.1630000000001024	3.977761828396865	2.3491368283967624	816.7349287781825	Edge	6.462171291114295	426.9689768982911	0.0	
156	0	4980	554	813.5825489114109	4.289	1.4249999999999998	4.980000000000006	9.269000000000005	2.864	822.8515489114109	Edge	13.696200000000006	994.9251910000006	0.0	
166	0	263	1419	841.1434647604278	3.890625	2.490625	0.26300000000003365	4.153625000000034	1.4	845.2970897604279	Edge	7.318725000000041	445.8459538750036	0.0	
167	1	346	1167	862.9442275093072	1.9764374999999998	1.8484375	0.346000000000092	2.322437500000092	0.128	865.2666650093073	Edge	3.9727875000001105	249.28811881250985	0.0	
168	0	7558	4739	889.5539652163038	9.6614375	7.7734375	7.557778270044912	17.21921577004491	1.888	906.7731809863487	Edge	26.459921424053892	1848.2934015408507	0.0	
171	0	3433	241	898.1680559863487	17.828125	3.228125	6.9220000000000255	24.750125000000025	14.6	922.9181809863487	Edge	40.397025000000035	2656.653667375003	0.0	
173	0	6298	777	932.0054636612984	3.212625	1.540625	6.297892889704374	9.510517889704374	1.672	941.5159815510028	Edge	13.34019646764525	1020.8494797629778	0.0	
174	0	4688	182	936.5266690510028	11.2143125	2.0703125	5.934999999999951	17.14931249999995	9.144	953.6759815510028	Edge	27.30776249999994	1840.7900544374947	0.0	
184	0	1155	106	972.8932279463071	8.905750000000001	1.59375	1.1549999999999834	10.060749999999985	7.312	982.9539779463071	Edge	17.416349999999984	1079.9108442499983	0.0	
189	0	1282	159	1013.822547740681	2.7538125	0.6578125	1.28200000000002	4.03581250000002	2.096	1017.858360240681	Edge	6.495262500000024	433.20007793750216	0.0	
191	0	8348	220	1020.8331289670095	2.504875	0.696875	8.34800000000004	10.85287500000004	1.808	1031.6860039670096	Edge	14.526375000000048	1164.9367496250043	0.0	
193	0	203	2220	1032.6703975826201	6.241875	3.921875	0.20299999999991059	6.444874999999911	2.32	1039.11527258262	Edge	11.478974999999894	691.7864376249904	0.0	
194	2	664	1173	1051.3680782272409	2.7910743283967623	1.9859375	0.6640000000001418	3.455074328396904	0.8051368283967626	1054.8231525556378	Edge	5.820733791114342	370.86422333579526	0.0	
197	3	15	1010	1057.5922433994472	3.1945687209097353	1.8934318925129727	0.015000000000093383	3.2095687209098287	1.3011368283967626	1060.801812120357	Edge	5.7682236976376355	344.5118969337401	0.0	
200	0	1134	366	1067.771167366003	5.699386828396762	1.40625	1.133999999999907	6.833386828396669	4.293136828396762	1074.6045541943997	Edge	11.619696291114062	733.48890877327	0.0	
195	0	1	3368	1053.4570037784597	31.846249999999998	9.60625	6.1141635875433735	37.96041358754337	22.24	1091.417417366003	Edge	64.66024630505204	4074.632834073318	0.0	
208	2	612	1209	1157.2205584484177	6.2686875	2.6046875	0.6120000000000214	6.880687500000022	3.664	1164.1012459484177	Edge	12.018037500000027	738.5661155625023	0.0	
211	3	58	357	1174.584513032843	2.671125	0.9031250000000001	0.05800000000006733	2.7291250000000673	1.768	1177.313638032843	Edge	4.877625000000081	292.94154837500724	0.0	
216	2	298	712	1186.391113052176	2.4895	1.3375000000000001	0.2980000000001364	2.7875000000001364	1.152	1189.1786130521762	Edge	4.8387000000001645	299.2074625000146	0.0	
220	0	214	555	1200.1395086788114	9.597750000000001	2.29375	0.21400000000007324	9.811750000000075	7.304	1209.9512586788114	Edge	17.53275000000009	1053.183433250008	0.0	
225	3	196	111	1228.8314777741437	0.737625	0.265625	0.1959999999998927	0.9336249999998927	0.472	1229.7651027741435	Edge	1.5629249999998713	100.21437387498848	0.0	
229	0	769	429	1250.044392388084	8.454568720909736	1.9934318925129728	0.7689999999999895	9.223568720909725	6.4611368283967625	1259.2679611089936	Edge	16.14102369763751	990.048642933729	0.0	
228	0	1381	18	1247.5610930500452	18.667449328396764	3.0703125	1.3810000000000642	20.048449328396828	15.597136828396764	1267.609542378442	Edge	35.25860879111425	2151.980502460787	0.0	
234	2	1178	2213	1279.7504619705358	9.558687500000001	4.4546875	1.1780000000002424	10.736687500000244	5.104	1290.487149470536	Edge	18.619237500000292	1152.465299562526	0.0	
242	2	1160	314	1308.1325385517116	4.497693720909735	1.1965568925129728	1.1599999999999842	5.65769372090972	3.3011368283967624	1313.7902322726213	Edge	9.487848697637506	607.2911863087284	0.0	
237	0	4722	848	1298.3956634489905	12.9625625	3.2265625	4.721331542333576	17.683894042333577	9.736	1316.079557491324	Edge	28.998210350800296	1898.1715026100437	0.0	
238	0	2635	19	1302.752244991324	11.468449328396762	1.8953125000000002	4.331000000000042	15.799449328396804	9.573136828396763	1318.5516943197208	Edge	25.84040879111422	1695.8970914607846	0.0	
244	0	5871	872	1314.315868299125	4.870306892512973	1.9903068925129728	5.871000000000221	10.741306892513194	2.88	1325.0571751916382	Edge	15.811752406523617	1152.9611405354738	0.0	
247	0	3541	2202	1334.0185920656938	5.9173124999999995	3.8453125	3.5409999999999204	9.45831249999992	2.072	1343.4769045656938	Edge	14.900362499999904	1015.2458054374914	0.0	
248	0	832	1029	1357.028083000014	2.650125	1.7781250000000002	0.8320000000002237	3.4821250000002237	0.872	1360.5102080000142	Edge	5.768625000000268	373.767815375024	0.0	
249	0	348	1347	1360.7900586992341	15.253125	4.253125	0.34799999999991016	15.60112499999991	11.0	1376.391183699234	Edge	27.873224999999895	1674.6091563749903	0.0	
255	3	121	626	1388.9809146173172	1.3896937209097355	1.096556892512973	0.12100000000004951	1.510693720909785	0.2931368283967625	1390.491608338227	Edge	2.6466486976375836	162.15635330873542	0.0	
251	0	569	5364	1379.6872855707709	16.66438682839676	9.73125	0.5689999999999991	17.23338682839676	6.933136828396762	1396.9206723991676	Edge	30.67869629111417	1849.8145087732798	0.0	
262	3	37	35	1448.2784614609895	1.804625	0.340625	0.037000000000021904	1.8416250000000218	1.464	1450.1200864609896	Edge	3.292725000000026	197.67818587500233	0.0	
263	0	7664	1328	1454.1249280187203	2.132375	2.084375	7.6639999999998984	9.796374999999898	0.048	1463.9213030187202	Edge	13.035074999999878	1051.533096124989	0.0	
276	2	2718	25	1513.5468254577763	0.737125	0.153125	2.7180000000001803	3.45512500000018	0.584	1517.0019504577765	Edge	4.588425000000217	370.86966237501935	0.0	
277	0	3870	892	1530.9110970836145	4.798	1.9500000000000002	3.8699999999998926	8.667999999999893	2.848	1539.5790970836144	Edge	13.280399999999872	930.4144519999885	0.0	
285	0	1545	1403	1554.4372353961983	3.2651993283967626	2.3640625	1.5450000000001851	4.810199328396948	0.9011368283967626	1559.2474347245952	Edge	7.731358791114395	516.3219857107999	0.0	
274	3	2	632	1498.730231349254	2.3760743283967622	1.2109375	58.24308619794984	60.619160526346604	1.1651368283967625	1559.3493918756005	Edge	74.16863722865398	6506.800071737518	0.0	
289	3	52	14	1557.7845731546909	2.0208187209097357	0.3996818925129728	0.05199999999997296	2.0728187209097086	1.6211368283967627	1559.8573918756006	Edge	3.6998736976374915	222.4942886837272	0.0	
288	2	8168	134	1557.4387612828882	2.4856312209097355	0.6324943925129728	8.168000000000067	10.653631220909801	1.8531368283967626	1568.092392503798	Edge	14.275736197637604	1143.5501216212372	0.0	
287	0	1589	2792	1557.0190814835364	15.885312500000001	6.2453125	1.588999999999995	17.474312499999996	9.64	1574.4933939835364	Edge	30.500362499999998	1875.6752294374996	0.0	
292	0	95	805	1602.2079438137234	9.6728125	2.6328125	0.09499999999999176	9.767812499999991	7.04	1611.9757563137234	Edge	17.52506249999999	1048.467225937499	0.0	
298	0	440	1192	1633.49715667506	6.280375	2.584375	0.43999999999987605	6.720374999999876	3.696	1640.21753167506	Edge	11.832674999999853	721.3583321249868	0.0	
301	2	6424	311	1658.9664087109368	1.2700624999999999	0.6140625	6.423999999999973	7.694062499999973	0.656	1666.6604712109367	Edge	9.994912499999966	825.872974687497	0.0	
304	2	1935	331	1667.886352874972	0.60325	0.53125	1.9349999999998344	2.5382499999998345	0.072	1670.424602874972	Edge	3.407849999999801	272.45321674998223	0.0	
315	0	5472	1134	1710.9848125642634	3.6365625	2.0765625	5.471999999999834	9.108562499999834	1.56	1720.0933750642632	Edge	13.112212499999801	977.7039901874822	0.0	
322	0	1184	2635	1739.6171436118086	5.2838125	4.3078125	1.1840000000000366	6.467812500000036	0.976	1746.0849561118087	Edge	10.931662500000044	694.2485259375039	0.0	
323	0	718	798	1746.843633033587	6.81225	2.15625	0.718000000000024	7.530250000000024	4.656	1754.373883033587	Edge	13.12365000000003	808.2895047500025	0.0	
320	3	5	471	1723.2071726752151	1.2543243283967627	0.8171875000000001	52.110700633189424	53.36502496158619	0.4371368283967625	1776.5721976368013	Edge	64.79062455094149	5728.1484143517	0.0	
328	0	502	265	1774.652562843123	2.0400687209097352	0.7309318925129729	0.5019999999998479	2.542068720909583	1.3091368283967626	1777.1946315640325	Edge	4.274523697637341	272.86311443371375	0.0	
326	3	29	1715	1772.8397483084048	6.468449328396763	3.2953125	0.028999999999906656	6.497449328396669	3.1731368283967627	1779.3371976368014	Edge	11.678008791114062	697.4297134607701	0.0	
336	3	42	637	1835.7857479983013	3.0133812209097357	1.3762443925129728	0.04199999999983106	3.0553812209095668	1.6371368283967627	1838.8411292192109	Edge	5.474486197637321	327.961564871212	0.0	
334	0	293	5494	1831.6719980976043	10.248249999999999	8.85625	0.29299999999999216	10.541249999999991	1.392	1842.2132480976043	Edge	18.79844999999999	1131.487233749999	0.0	
337	0	1007	2698	1843.3519588165125	6.0420625	4.5140625000000005	1.0069999999999908	7.049062499999991	1.528	1850.4010213165125	Edge	12.08411249999999	756.639319687499	0.0	
339	0	1661	1272	1858.36169537676	4.8275625	2.4515625	1.6609999999999436	6.488562499999944	2.376	1864.85025787676	Edge	10.682812499999933	696.475810187494	0.0	
343	0	52	880	1871.0552505990518	2.8954375	1.6234375	0.05199999999975091	2.947437499999751	1.272	1874.0026880990515	Edge	5.274187499999701	316.37499381247324	0.0	
344	0	2738	280	1872.7640092790969	0.5793068925129727	0.5153068925129728	2.738000000000243	3.3173068925132156	0.064	1876.08131617161	Edge	4.328352406523642	356.07640453547606	0.0	
345	2	843	77	1882.833503812503	0.2541875	0.1421875	0.8430000000002456	1.0971875000002456	0.112	1883.9306913125033	Edge	1.4691375000002949	117.77100906252636	0.0	
347	3	17	911	1891.010661572538	5.745687500000001	2.1296875	0.01700000000008295	5.762687500000084	3.616	1896.7733490725382	Edge	10.362637500000101	618.5611135625089	0.0	
350	2	7890	2351	1898.0551572334089	3.7710743283967627	3.6859375	7.890000000000045	11.661074328396808	0.08513682839676254	1909.7162315618057	Edge	16.255933791114227	1251.6880573357848	0.0	
351	0	8323	3398	1909.5117296691926	9.210875	5.946875	8.32300000000008	17.53387500000008	3.264	1927.0456046691927	Edge	26.567175000000095	1882.0686086250087	0.0	
368	0	346	880	1967.473151765769	2.924506220909735	1.6793693925129727	2.4670000000000973	5.391506220909832	1.2451368283967625	1972.8646579866788	Edge	8.22451119763764	578.7188862462405	0.0	
366	0	2914	1124	1964.8082704453273	12.7435625	3.5515625	2.91368821295492	15.65725071295492	9.192	1980.4655211582822	Edge	26.434838355545903	1680.6336342778682	0.0	
370	0	10940	1881	1971.9787425199272	4.247494392512973	3.207494392512973	10.939135702496404	15.186630095009377	1.04	1987.1653726149366	Edge	20.772452749519037	1630.1176877682115	0.0	
373	0	5640	152	1975.9080657224235	1.1443068925129727	0.4403068925129728	15.417000000000158	16.56130689251313	0.704	1992.4693726149367	Edge	20.56015240652354	1777.674120535467	0.0	
385	0	799	2750	2033.9316639921105	5.6260625	4.5140625	0.7989999999999675	6.425062499999967	1.112	2040.3567264921105	Edge	11.08571249999996	689.6597836874964	0.0	
394	0	4302	117	2079.4652691654774	5.405949328396762	1.0328125	4.302000000000046	9.707949328396808	4.373136828396762	2089.173218493874	Edge	14.893108791114226	1042.0415729607848	0.0	
396	0	1012	1581	2084.7604625465656	4.241386828396763	2.75625	1.0119999999999791	5.253386828396742	1.4851368283967625	2090.0138493749623	Edge	8.84889629111415	563.893288773278	0.0	
403	0	826	1752	2102.5157511145712	6.170818720909735	3.3496818925129728	2.323999999999999	8.494818720909734	2.8211368283967624	2111.010569835481	Edge	13.896273697637522	911.8253466837299	0.0	
400	0	2064	1880	2100.8782757585846	12.021875	4.421875	2.0632822484994	14.0851572484994	7.6	2114.963433007084	Edge	24.11531369819928	1511.8866938966771	0.0	
411	0	25	1381	2154.5566890077853	2.9036875	2.2796875	0.024999999999796074	2.9286874999997963	0.624	2157.485376507785	Edge	5.256637499999756	314.36238756247815	0.0	
413	0	1747	2359	2200.6499533327906	7.118875	4.246875	1.7469999999995052	8.865874999999505	2.872	2209.51582833279	Edge	14.910374999999407	951.6541566249468	0.0	
421	0	2060	347	2229.754494552877	8.9189375	1.9109375	2.059999999999574	10.978937499999574	7.008	2240.7334320528767	Edge	18.52608749999949	1178.4681723124543	0.0	
402	3	6	152	2101.8296743806836	2.588244392512973	0.6762443925129727	166.6380604407154	169.22630483322837	1.912	2271.055979213912	Edge	204.62451243538183	18164.582334493898	0.0	
426	3	136	79	2268.6689792139123	2.2961368283967625	0.475	0.1360000000000161	2.4321368283967786	1.8211368283967626	2271.101116042309	Edge	4.296246291114192	261.0631350232818	0.0	
430	0	2812	4521	2290.4789315313174	7.85775	7.1937500000000005	2.8120000000000216	10.669750000000022	0.664	2301.1486815313174	Edge	17.518350000000027	1145.2802952500024	0.0	
455	0	1142	574	2381.958537471984	2.426875	1.146875	1.1419999999999346	3.5688749999999345	1.28	2385.527412471984	Edge	5.738774999999922	383.07947362499294	0.0	
461	0	1256	801	2396.464198653155	2.2173749999999997	1.4093749999999998	1.256000000000033	3.4733750000000327	0.808	2399.937573653155	Edge	5.498475000000039	372.8285991250035	0.0	
469	0	4526	439	2431.444154738198	2.3900743283967625	0.9609375	4.5259999999997	6.916074328396462	1.4291368283967625	2438.3602290665945	Edge	9.733333791113811	742.3645023357478	0.0	
473	3	147	922	2436.9258815189946	3.6499437209097354	1.8528068925129728	0.14699999999970403	3.7969437209094394	1.7971368283967626	2440.722825239904	Edge	6.746298697637169	407.5601420586983	0.0	
472	3	211	1663	2436.2353824943357	5.536136828396763	3.075	0.21099999999961572	5.747136828396378	2.4611368283967625	2441.982519322732	Edge	10.218246291113713	616.8919200232389	0.0	
476	0	513	593	2442.538883465133	8.4044375	2.1484375	0.5129999999997779	8.917437499999778	6.256	2451.456320965133	Edge	15.743587499999736	957.1888238124761	0.0	
481	2	4542	1257	2478.4945769554697	3.1306875	2.1546875	4.541999999999938	7.672687499999938	0.976	2486.1672644554696	Edge	11.085637499999926	823.5786035624933	0.0	
484	3	251	2247	2494.5761035201344	6.353011828396762	3.971875	0.25100000000047107	6.604011828397233	2.3811368283967624	2501.1801153485317	Edge	11.736621291114737	708.8680256483307	0.0	
486	0	3988	344	2498.402088059148	14.439744392512974	2.863744392512973	3.988000000000003	18.427744392512977	11.576	2516.829832451661	Edge	30.777139906523356	1978.0156553479505	0.0	
493	3	56	681	2550.529371578614	2.1541875	1.2421875	0.05599999999984728	2.210187499999847	0.912	2552.7395590786136	Edge	3.9447374999998166	237.2393160624836	0.0	
494	0	1377	2159	2554.735462401604	4.41575	3.54375	1.3769999999996143	5.792749999999614	0.872	2560.5282124016035	Edge	9.600749999999538	621.7879922499586	0.0	
506	0	432	2236	2616.8153554462933	6.9171249999999995	4.053125	0.43199999999973127	7.349124999999731	2.864	2624.164480446293	Edge	12.969224999999678	788.8477283749711	0.0	
510	2	1053	321	2639.648040917978	2.8730625	0.8890625000000001	1.0529999999997162	3.9260624999997162	1.984	2643.5741034179778	Edge	6.43511249999966	421.41962268746954	0.0	
529	0	757	1150	2747.8570510996187	15.433	4.025	0.7570000000000547	16.190000000000055	11.408	2764.047051099619	Edge	28.687800000000063	1737.8184100000058	0.0	
533	0	1135	132	2761.6504923702796	4.949631220909735	1.0324943925129728	1.1350000000003337	6.084631220910069	3.9171368283967625	2767.7351235911897	Edge	10.271336197637924	653.1182306212659	0.0	
545	3	250	823	2825.25246204801	2.25175	1.4437499999999999	0.24999999999990186	2.5017499999999018	0.808	2827.75421204801	Edge	4.353149999999882	268.53534324998947	0.0	
554	3	55	998	2874.7382437449055	4.7532499999999995	2.08125	0.055000000000044125	4.808250000000044	2.672	2879.5464937449055	Edge	8.621850000000052	516.1127467500047	0.0	
559	0	3675	76	2920.0852384363725	15.131875	2.571875	3.6750000000002174	18.80687500000022	12.56	2938.8921134363727	Edge	31.647375000000263	2018.7111556250234	0.0	
583	0	7258	4743	3039.9026382833886	17.289	9.025	7.257411626633925	24.546411626633926	8.264	3064.4490499100225	Edge	39.829093951960715	2634.7872775912588	0.0	
584	0	4691	209	3049.7247374100225	9.642449328396761	1.8453125	9.305999999999475	18.948449328396237	7.797136828396762	3068.6731867384187	Edge	28.52360879111354	2033.9076024607236	0.0	
586	0	12118	346	3055.0993021183385	0.5808868283967626	0.5437500000000001	17.350997791683618	17.931884620080382	0.03713682839676253	3073.031186738419	Edge	21.866793641134514	1924.7905632348081	0.0	
590	0	15705	2481	3068.984546786196	23.661375	7.109375	15.705000000000062	39.36637500000006	16.552	3108.350921786196	Edge	61.43647500000007	4225.547326125006	0.0	
599	0	6959	218	3116.880147020364	6.242699328396762	1.3015625	6.958999999999682	13.201699328396444	4.941136828396762	3130.0818463487603	Edge	19.58765879111379	1417.0572042107458	0.0	
601	0	1130	1085	3123.4712074408485	6.057824328396762	2.4046875	1.130000000000038	7.1878243283968	3.6531368283967627	3130.6590317692453	Edge	12.26008379111422	771.5338755857841	0.0	
620	2	274	1073	3193.471729660258	4.2775625	2.1015625	0.27399999999981794	4.551562499999818	2.176	3198.023292160258	Edge	8.028412499999781	488.5601671874805	0.0	
621	3	262	695	3202.458155504589	1.7839999999999998	1.2	0.26199999999982193	2.0459999999998217	0.584	3204.5041555045887	Edge	3.5255999999997862	219.61559399998086	0.0	
623	2	3644	873	3204.3804312951765	2.184806892512973	1.5528068925129728	3.6439999999996298	5.828806892512603	0.632	3210.209238187689	Edge	8.305452406522907	625.6583030354102	0.0	
627	0	217	859	3246.285977895483	1.8011875000000002	1.4171875	0.2170000000002945	2.0181875000002947	0.384	3248.3041653954833	Edge	3.502537500000354	216.63022806253161	0.0	
630	3	133	1256	3265.223352466062	13.016749999999998	3.76875	0.13300000000004175	13.14975000000004	9.248	3278.373102466062	Edge	23.58975000000005	1411.4810152500042	0.0	
637	0	294	1126	3311.6553871150218	1.9335118283967623	1.7843749999999998	0.29400000000016546	2.2275118283969277	0.14913682839676254	3313.8828989434187	Edge	3.833121291114371	239.09889214829784	0.0	
638	3	157	664	3311.7697472126124	4.564431892512973	1.6684318925129729	0.15700000000049208	4.721431892513465	2.896	3316.491179105126	Edge	8.404377406523942	506.7937779105028	0.0	
642	2	915	658	3330.392118783829	4.700125	1.6281249999999998	0.915000000000262	5.615125000000262	3.072	3336.0072437838294	Edge	9.558225000000315	602.7219023750281	0.0	
656	0	2579	190	3401.4231013791546	2.8596250000000003	0.715625	2.578999999999774	5.4386249999997744	2.144	3406.8617263791543	Edge	8.24212499999973	583.7765688749757	0.0	
658	1	185	177	3411.1663581463895	1.0033124999999998	0.39531249999999996	0.18499999999993832	1.1883124999999382	0.608	3412.3546706463894	Edge	2.0279624999999255	127.55227543749336	0.0	
674	0	4553	2487	3472.587050523805	7.8448125	4.5328124999999995	4.552999999999873	12.397812499999873	3.312	3484.984863023805	Edge	19.58426249999985	1330.7687959374864	0.0	
693	2	926	231	3569.964088184631	0.772125	0.42812500000000003	0.9259999999998909	1.6981249999998909	0.344	3571.6622131846307	Edge	2.501024999999869	182.2750393749883	0.0	
696	0	4053	3505	3576.1784192206337	6.9874375	5.7234375	4.052999999999825	11.040437499999825	1.264	3587.2188567206335	Edge	17.44098749999979	1185.0695208124812	0.0	
689	3	10	223	3534.371961643792	3.7239999999999998	0.8999999999999999	58.98553632795909	62.709536327959086	2.824	3597.081497971751	Edge	77.4858435935509	6731.1789199068	0.0	
702	3	30	739	3595.924095356981	1.9774437209097355	1.3403068925129729	0.0300000000002969	2.0074437209100324	0.6371368283967626	3597.931539077891	Edge	3.5953986976378802	215.47700155876197	0.0	
