Task_ID	Task_Type	Task_Lenght	TaskInputType	TaskStartTime	NetworkDelay	Uploading Delay	ExecutionDelay	ServiceTime	Downloading Delay	EndTime	offloadingPlace	IoTenergy	EdgeEnergy	CloudEnergy	
5	0	5760	602	44.6873782365016	1.6223958333333333	1.5677083333333333	0.576000000000003	2.198395833333336	0.0546875	46.88577406983494	24	3.6115125000000035	0.0	226.43477083333363	
9	0	5631	357	51.9658806611867	1.203125	0.9296875	0.5630999999999986	1.7662249999999986	0.2734375	53.7321056611867	24	2.8413449999999982	0.0	181.92117499999986	
7	0	4026	2954	49.6897278418483	4.096735701302165	3.9316388701707097	1.6103999999999994	5.707135701302164	0.1650968311314546	55.39686354315047	12	9.306604262343896	612.5982390420729	0.0	
13	0	3584	523	69.6247754657384	1.5464279361506494	0.7662742868373765	1.4335999999999989	2.9800279361506483	0.7801536493132728	72.60480340188904	12	4.503890285071168	319.87321863847444	0.0	
12	0	7788	1436	69.1666109645802	2.7095570584041817	2.24375	2.5960000000000085	5.30555705840419	0.46580705840418185	74.47216802298439	4	7.992402705127537	569.4931890920474	0.0	
14	0	624	3234	70.1382984750351	4.27041975132958	3.9590161020163075	0.24960000000000448	4.520019751329585	0.31140364931327275	74.65831822636468	16	7.98627555239325	485.1744000879663	0.0	
16	0	437	203	80.3105173907613	1.7481295415393705	0.3159872558624613	0.1748000000000045	1.922929541539375	1.4321422856769093	82.23344693230068	16	3.3563931747708726	206.40533405929497	0.0	
17	0	7783	223	80.7420321992793	3.419270833333333	0.5807291666666666	0.7783000000000113	4.197570833333344	2.8385416666666665	84.93960303261264	24	7.088647500000013	0.0	432.3497958333345	
19	0	2058	866	83.2812027717564	1.5685059220405457	1.2301136363636365	0.8231999999999977	2.3917059220405434	0.33839228567690915	85.67290869379694	8	3.8111506596729794	256.72332196590986	0.0	
20	0	3740	1680	84.1835768745345	2.943563352817316	2.272784703504043	1.4960000000000004	4.439563352817316	0.6707786493132728	88.62314022735181	12	7.09361403507117	476.5382907280579	0.0	
18	0	1783	5540	82.6420167310345	7.380122548532377	6.7306507174009225	0.7131999999999934	8.09332254853237	0.6494718311314546	90.73533927956687	16	14.14006058735827	868.729149036916	0.0	
21	0	25167	3321	85.6964215479817	11.096354166666666	8.6484375	2.5167000000000055	13.613054166666672	2.4479166666666665	99.30947571464837	24	22.993477500000004	0.0	1402.1445791666672	
22	0	3357	2855	94.5146559200722	5.509493177903007	3.5034872558624612	1.3428000000000004	6.852293177903007	2.0060059220405457	101.36694909797521	16	11.528447720225413	735.5182974229309	0.0	
29	0	3800	310	122.577149836979	1.942369558404182	0.484375	1.2666666666666646	3.2090362250708466	1.457994558404182	125.78618606204985	4	5.016265205127525	344.4547393628796	0.0	
31	0	402	3753	126.183810645358	5.993649646434475	4.582814178939384	0.1607999999999965	6.154449646434472	1.4108354674950911	132.33826029179247	16	10.981529363582052	660.6124705986298	0.0	
34	0	624	52	133.627866363902	0.3724831947678182	0.07386363636363637	0.24959999999996407	0.6220831947677823	0.29861955840418186	134.24994955866978	8	0.9699897505820296	66.77378804317898	0.0	
35	0	714	1496	135.910015401982	2.338923201302164	2.0332013701707097	0.2855999999999752	2.6245232013021393	0.30572183113145457	138.53453860328415	12	4.552781762343866	281.71369590457033	0.0	
36	0	6469	1562	139.28969080797	2.6158070584041817	2.440625	2.1563333333333268	4.7721403917375085	0.17518205840418186	144.0618311997075	4	7.2960527051275195	512.2367775087124	0.0	
37	0	5853	770	150.084704909961	2.080729166666667	2.0052083333333335	0.5853000000000081	2.666029166666675	0.07552083333333333	152.75073407662768	24	4.44767250000001	0.0	274.6010041666675	
38	0	11126	3603	153.55434388687	5.992369558404182	5.6296875	3.708666666666641	9.701036225070823	0.3626820584041819	163.2553801119408	4	15.236665205127498	1041.299527362877	0.0	
43	0	6171	89	172.831895654034	1.4427083333333333	0.23177083333333334	0.6171000000000031	2.0598083333333363	1.2109375	174.89170398736735	24	3.3373950000000034	0.0	212.16025833333364	
44	0	89	965	174.383261891001	1.3117221988820278	1.2318526404778458	0.035599999999983645	1.3473221988820114	0.07986955840418188	175.73058408988302	16	2.4038199579876305	144.62021750579623	0.0	
45	0	3420	108	177.06525131215	0.2916666666666667	0.28125	0.34200000000000347	0.6336666666666702	0.010416666666666666	177.69891797881667	24	0.9354000000000042	0.0	65.26766666666703	
47	0	646	398	178.082132398891	0.7182999960848251	0.5503622558624613	0.2583999999999931	0.9766999960848182	0.16793774022236369	179.0588323949758	16	1.603019992952677	104.8380008797483	0.0	
46	0	5566	2515	177.07192371506	3.764528649313273	3.5724431818181817	2.226400000000031	5.990928649313304	0.19208546749509095	183.0628523643733	8	9.44783156876393	643.0602902886407	0.0	
49	0	3	1197	188.172989981455	0.0	0	0.060000000000002274	0.060000000000002274	0	188.232989981455	0	0.13800000000000523	0.0	0.0	
51	0	5307	256	200.619303740808	1.0286458333333333	0.6666666666666666	0.5306999999999771	1.5593458333333103	0.3619791666666667	202.1786495741413	24	2.4884024999999723	0.0	160.61262083333096	
52	0	771	3053	201.513196251058	3.8170762198610486	3.7414680250932304	0.308400000000022	4.125476219861071	0.07560819476781824	205.63867247091906	16	7.240817195749914	442.82449196366747	0.0	
53	0	2180	2735	206.31267745634	3.459012408672238	3.359256486631692	0.8720000000000132	4.331012408672251	0.09975592204054551	210.64368986501225	16	7.272622335610045	464.88654093447076	0.0	
55	0	20825	1957	214.007397087964	7.770833333333334	5.096354166666667	2.0824999999999907	9.853333333333325	2.6744791666666665	223.86073042129732	24	16.48649999999999	0.0	1014.8933333333324	
54	0	4027	7828	212.961712979043	9.522168003077832	9.480650717400923	1.6716525328661245	11.193820535943956	0.04151728567690914	224.15553351498696	16	19.14588544497945	1201.5335025076884	0.0	
62	0	1757	1309	244.050447170849	2.6257519191617478	1.6453141789393844	0.7027999999999777	3.3285519191617254	0.9804377402223636	247.37899909001072	16	5.5697134544911195	357.2834344509004	0.0	
63	0	9758	68	251.441271144393	3.026041666666667	0.17708333333333334	0.9758000000000111	4.001841666666678	2.8489583333333335	255.44311281105968	24	6.617835000000014	0.0	412.18969166666784	
64	0	7670	1938	253.088064881348	3.868932058404182	3.028125	2.5566666666667164	6.425598725070898	0.8408070584041819	259.5136636064189	4	10.032077705127588	689.7173415503852	0.0	
65	0	6251	1347	254.878486878619	3.6750400129496366	1.9133522727272727	2.500400000000042	6.175440012949679	1.7616877402223639	261.05392689156866	8	9.615552023309396	662.8655555500055	0.0	
66	0	467	818	260.666711801604	1.2415735974834263	1.0551699481701535	0.1867999999999881	1.4283735974834144	0.18640364931327277	262.0950853990874	16	2.4589924754701533	153.32019358027222	0.0	
67	0	897	307	264.113428876286	0.9719150129496363	0.43607954545454547	0.3587999999999745	1.3307150129496108	0.5358354674950909	265.4441438892356	8	2.1800070233093147	142.83761877499828	0.0	
68	0	362	709	268.613268647205	1.2497685275533565	0.9241603327855382	0.14480000000000404	1.3945685275533606	0.3256081947678182	270.0078371747584	16	2.423343349596047	149.69159117905016	0.0	
72	0	4670	3924	276.510516418792	5.145201219861049	4.788343025093231	1.868000000000011	7.01320121986106	0.3568581947678182	283.52371763865307	16	11.5029621957499	752.7900057386663	0.0	
73	0	4471	468	305.361827795571	1.8645833333333335	1.21875	0.44709999999995853	2.311683333333292	0.6458333333333334	307.6735111289043	24	3.8927699999999503	0.0	238.10338333332908	
74	0	200	2046	308.696672950058	2.900773772308601	2.531131486631692	0.07999999999996543	2.9807737723085665	0.36964228567690915	311.67744672236654	16	5.3173927901554405	319.9532759458292	0.0	
80	0	237	977	321.562875758843	2.598872548532378	1.246275717400923	0.22884728866664883	2.8277198371990266	1.3525968311314547	324.39059559604203	16	4.952587333758259	303.5246196051063	0.0	
81	0	1461	709	321.995038432125	1.3832912548260836	0.9241603327855382	1.4259527113334158	2.8092439661594995	0.4591309220405455	324.8042823982845	16	4.20106751228705	301.5414380835945	0.0	
77	0	2664	2916	319.172146603849	5.385324716453679	3.882159703504043	1.8196451688908741	7.204969885344553	1.5031650129496366	326.37711648919355	12	11.877158692285672	773.3742625229991	0.0	
82	0	8325	1389	322.052872705226	3.6796875	3.6171875	0.8324999999999818	4.512187499999982	0.0625	326.56506020522596	24	7.622437499999979	0.0	464.7553124999981	
85	0	1233	2064	341.698342254464	4.0388856604204895	2.5527661020163075	0.49320000000004516	4.532085660420535	1.486119558404182	346.23042791488456	16	7.861834188756935	486.46954270387977	0.0	
86	0	1899	2007	343.807294836642	3.6591173300900435	2.698565953504043	0.7595999999999892	4.418717330090033	0.9605513765860001	348.226012166732	12	7.497931194162065	474.300699494534	0.0	
87	0	2125	1161	345.69178173234	1.8927243200944244	1.751775216235697	0.8499999999999719	2.7427243200943963	0.1409491038587273	348.4345060524344	8	4.42690377616993	294.4012857946124	0.0	
88	0	11221	1047	345.800142216132	3.0416666666666665	2.7265625	1.122100000000008	4.163766666666675	0.3151041666666667	349.96390888279865	24	6.821520000000009	0.0	428.8679666666675	
89	0	16716	5835	349.500511442078	10.622483194767819	8.288352272727273	6.686399999999997	17.308883194767816	2.3341309220405457	366.8093946368458	8	27.144149750582073	1857.9182132431827	0.0	
94	0	6847	3885	369.643613240995	6.017369558404182	5.518465909090909	2.738800000000042	8.756169558404224	0.49890364931327275	378.39978279939925	8	14.117825205127577	939.878484229551	0.0	
100	0	9182	97	397.645246913838	0.41562499999999997	0.303125	0.7651666666667212	1.180791666666721	0.1125	398.8260385805047	20	1.6663250000000653	0.0	121.62154166667227	
103	0	2776	215	407.086861720346	1.598619558404182	0.3359375	0.9253333333333831	2.523952891737565	1.262682058404182	409.6108146120836	4	3.987915205127587	270.9185794462185	0.0	
102	0	3094	1893	406.875235696089	2.6991877402223636	2.6889204545454546	1.2375999999999507	3.9367877402223144	0.010267285676909143	410.81202343631134	8	6.343657932400196	422.570859247723	0.0	
104	0	1534	3466	407.50477607626	4.3617659051757345	4.237862255862462	0.613600000000015	4.9753659051757495	0.12390364931327279	412.48014198143574	16	8.587498629316341	534.0508008956598	0.0	
107	0	4829	540	413.713264972327	1.8881081947678184	0.7670454545454546	1.9316000000000086	3.819708194767827	1.1210627402223639	417.53297316709484	8	5.716514750582084	410.00365791818376	0.0	
111	0	71	3042	446.278510349424	0.0	0	1.420000000000016	1.420000000000016	0	447.698510349424	0	3.2660000000000364	0.0	0.0	
110	0	4739	786	444.949751592877	3.3085627402223636	1.1164772727272727	1.8955999999999662	5.20416274022233	2.192085467495091	450.15391433309935	8	8.230132932400213	558.6096243727246	0.0	
112	0	2200	633	451.095316645461	2.487967828252657	0.8328141789393844	0.8799999999999741	3.367967828252631	1.6551536493132728	454.46328447371366	16	5.534342090854752	361.51429871680915	0.0	
113	0	5082	3183	455.165224538147	4.372473947133776	3.8977180250932304	2.0328000000000452	6.405273947133821	0.4747559220405455	461.57049848528084	16	10.30981310484085	687.5357002113973	0.0	
114	0	427	836	460.37315456239	1.2167641103930735	1.17382637017071	0.1708000000000267	1.3875641103931002	0.042937740222363685	461.7607186727831	12	2.3951353987075645	148.93974404548499	0.0	
115	0	11157	158	462.509466742465	0.603125	0.49375	0.92974999999999	1.53287499999999	0.109375	464.042341742465	20	2.201324999999988	0.0	157.88612499999897	
117	0	41	9	463.875736809296	0.47234282825265717	0.08281417893938439	0.01639999999995445	0.4887428282526116	0.38952864931327275	464.3644796375486	16	0.8698970908547282	52.46116644180708	0.0	
116	0	175	501	462.969579436481	3.4869844366442657	0.6741603327855382	0.06999999999999096	3.5569844366442567	2.8128241038587274	466.52656387312527	16	6.360571985959667	381.80315244495785	0.0	
121	0	4660	62	468.7982080996	0.3697916666666667	0.16145833333333334	0.46599999999997027	0.835791666666637	0.20833333333333334	469.63399976626664	24	1.2248249999999643	0.0	86.0865416666636	
123	0	566	52	472.076677302517	1.066639156923986	0.1344968712470767	0.2263999999999673	1.2930391569239532	0.9321422856769092	473.36971645944095	16	2.1916304824631356	138.79353006506022	0.0	
124	0	1787	5843	472.312882014801	7.955952968112797	7.094833409708615	0.7148000000000252	8.670752968112822	0.8611195584041819	480.9836349829138	16	15.178475342603067	930.7099528442621	0.0	
128	0	11380	945	475.714707327735	4.317708333333333	2.4609375	1.137937760515892	5.455646093849225	1.8567708333333333	481.17035342158425	24	9.13740031261907	0.0	561.9315476664701	
131	0	7836	180	483.369347309702	1.484375	0.46875	0.7835999999999785	2.2679749999999785	1.015625	485.637322309702	24	3.612194999999974	0.0	233.6014249999978	
133	0	672	1691	496.691342724683	2.7340342618190903	2.1044487943239996	0.2687999999999988	3.002834261819089	0.6295854674950909	499.6941769865021	16	5.243821671274361	322.3212268293992	0.0	
134	0	4475	207	505.30445128488	1.6458333333333333	0.5390625	0.44749999999997203	2.0933333333333053	1.1067708333333333	507.3977846182133	24	3.4994999999999665	0.0	215.61333333333044	
135	0	920	1831	516.752152184847	2.980428492588321	2.2727180250932304	0.3680000000000474	3.3484284925883685	0.7077104674950909	520.1005806774353	16	5.806371286659036	359.4169659659429	0.0	
137	0	2911	3533	521.52781349881	4.433772024056853	4.3183911020163075	1.1644000000000547	5.5981720240569075	0.11538092204054551	527.1259855228669	16	9.378069643302402	600.9021868902444	0.0	
138	0	7954	40	525.636218587246	0.8046875	0.10416666666666667	0.7953999999999724	1.6000874999999724	0.7005208333333334	527.236306087246	24	2.4029174999999667	0.0	164.80901249999715	
139	0	3014	1841	528.165786042173	2.5663113597211886	2.2847372558624612	1.2055999999999276	3.7719113597211162	0.28157410385872733	531.9376974018941	16	6.066080447498052	404.8731934411049	0.0	
141	0	1651	802	534.199833993908	1.3314320584041819	1.253125	0.5503333333333491	1.881765391737531	0.07830705840418188	536.0815993856455	4	3.0569777051275464	201.98681538371483	0.0	
140	0	6000	3942	529.0017613772	5.731858194767819	5.599431818181818	2.3999999999999826	8.131858194767801	0.13242637658600004	537.1336195719678	8	13.197344750582053	872.865526768181	0.0	
142	0	5966	597	537.850468988964	1.8408070584041818	0.9328125	1.9886666666666022	3.829473725070784	0.9079945584041819	541.6799427140348	4	5.69985270512745	411.0518801753729	0.0	
143	0	1618	2929	564.673111084454	4.199287758322587	3.592429563554769	0.6472000000000229	4.84648775832261	0.6068581947678182	569.5195988427766	16	8.335357964980684	520.2171494905906	0.0	
144	0	1844	6622	566.892983425695	8.426341954126782	8.031131486631692	0.7376000000000307	9.163941954126813	0.395210467495091	576.0569253798218	16	16.052535517428243	983.6483654140179	0.0	
148	0	4106	1519	586.490552750467	3.084557058404182	2.3734375	1.3686666666666882	4.45322372507087	0.7111195584041818	590.9437764755379	4	7.194602705127554	478.0045814253821	0.0	
150	0	2044	2778	587.848844165477	7.420125852817316	3.702472203504043	1.6352000000001023	9.055325852817418	3.717653649313273	596.9041700182944	12	15.318466535071291	971.9896217155689	0.0	
152	0	1107	41	598.758333082658	0.5126820584041819	0.0640625	0.3689999999999988	0.8816820584041807	0.4486195584041819	599.6400151410622	4	1.365627705127526	94.63887046704635	0.0	
153	0	5462	904	598.946883430635	1.7190741038587274	1.2840909090909092	2.1847999999999703	3.9038741038586977	0.4349831947678182	602.8507575344937	8	5.716093386945674	419.03794243408873	0.0	
154	0	2119	650	600.475568008003	1.7158070584041818	1.015625	0.7063333333332755	2.4221403917374573	0.7001820584041819	602.8977083997405	4	3.936052705127458	259.9901275087069	0.0	
155	0	3718	379	604.380189170866	1.4361195584041817	0.5921875	1.239333333333382	2.6754528917375637	0.8439320584041818	607.0556420626035	4	4.072215205127586	287.1804379462184	0.0	
156	0	706	41	615.484150603201	0.2611195584041819	0.0640625	0.23533333333329454	0.4964528917374764	0.19705705840418186	615.9806034949385	4	0.7524152051274808	53.288756946208984	0.0	
159	0	353	3227	627.177989440572	5.0887108352456645	3.950602640477846	0.14120000000006794	5.229910835245732	1.1381081947678184	632.4079002758177	16	9.329119503442278	561.3733991444417	0.0	
160	0	6162	1256	635.09489882427	2.042369558404182	1.9625	2.053999999999967	4.096369558404149	0.07986955840418188	639.1912683826741	4	6.141065205127488	439.7002120295429	0.0	
162	0	1579	2569	648.091846943247	4.070572723357552	3.1597372558624612	0.6315999999999828	4.702172723357535	0.9108354674950909	652.7940196666045	16	8.084950902043573	504.7265179524744	0.0	
163	0	8908	757	652.609654206071	2.629869558404182	1.1828125	2.969333333333309	5.599202891737491	1.447057058404182	658.2088570978085	4	8.2969652051275	601.0128391962105	0.0	
164	0	2625	1170	658.656598957157	2.155153649313273	1.6619318181818181	1.0609520095026044	3.216105658815877	0.49322183113145457	661.8727046159729	8	5.152418980167016	345.2135653116374	0.0	
165	0	1921	1385	659.622822452056	2.0338594366442653	1.736660332785538	0.7783999999999747	2.81225943664424	0.29719910385872733	662.4350818887002	16	4.595026985959647	301.8651156699561	0.0	
166	0	1174	811	661.107093412813	2.0322233906961036	1.1412742868373764	0.5227055025819847	2.5549288932780883	0.8909491038587273	663.6620223060911	12	4.285248706351368	274.2435124755767	0.0	
168	0	742	576	664.108114542083	1.3015604855953145	0.764304563554769	0.5148430819788699	1.8164035675741843	0.5372559220405455	665.9245181096571	16	2.96062057244621	194.97094253984537	0.0	
170	0	1195	258	669.389898783323	1.0861195584041818	0.403125	0.39833333333335097	1.4844528917375328	0.6829945584041819	670.8743516750606	4	2.4330152051275484	159.33968894621503	0.0	
173	0	6885	205	677.368819312415	1.3125	0.5338541666666666	0.6884999999999764	2.0009999999999764	0.7786458333333334	679.369819312415	24	3.188699999999972	0.0	206.10299999999756	
174	0	342	169	698.455471432018	0.44634683113145457	0.24005681818181818	0.13679999999998926	0.5831468311314438	0.20629001294963642	699.0386182631495	8	0.9675842960366053	62.59439770681805	0.0	
175	0	2376	6717	702.256262248511	9.164104191889022	8.145314178939385	0.9503999999999326	10.114504191888955	1.0187900129496366	712.3707664404	16	17.63586754540016	1085.6807654531685	0.0	
176	0	14949	526	710.246230321129	3.361979166666667	1.3697916666666667	1.4948999999999915	4.856879166666658	1.9921875	715.1031094877957	24	7.845442499999991	0.0	500.2585541666658	
177	0	2171	2957	710.389553431917	4.350641951302165	3.9355451201707097	1.7027999999998693	6.053441951302034	0.41509683113145457	716.442995383219	12	9.87451551234374	649.770405610809	0.0	
178	0	6553	1433	710.502850673565	3.5258922856769095	2.0355113636363638	3.4555365148861847	6.981428800563094	1.4903809220405455	717.4842794741281	8	10.49324993208186	749.379586023642	0.0	
181	0	299	36	717.69667007897	0.29577864931327275	0.05113636363636364	0.23920000000002967	0.5349786493133024	0.24464228567690913	718.2316487282833	8	0.8194415687639266	57.42407323864057	0.0	
179	0	974	2068	715.129175963212	2.7212501709099994	2.5575737943239996	0.5090566850703029	3.2303068559803023	0.16367637658600004	718.3594828191923	16	5.509118329722363	346.7379076140697	0.0	
187	0	351	1369	727.844595165869	2.09701503104986	1.717429563554769	0.14040000000000363	2.2374150310498635	0.379585467495091	730.0820101969189	16	3.943107055889752	240.1618920178613	0.0	
189	0	4687	124	737.561328885743	0.6432291666666667	0.3229166666666667	0.4686999999999746	1.1119291666666413	0.3203125	738.6732580524097	24	1.7202524999999698	0.0	114.52870416666406	
188	0	3156	8851	728.411349225604	11.672189856224685	10.71021802509323	1.2623999999999622	12.934589856224648	0.9619718311314546	741.3459390818286	16	22.524821741204388	1388.3859405772973	0.0	
190	0	12231	1485	757.552456547694	5.494791666666667	3.8671875	1.2231000000000067	6.717891666666674	1.6276041666666667	764.2703482143606	24	11.358345000000009	0.0	691.9428416666674	
193	0	4167	1279	767.297440650603	2.243932058404182	1.9984375	1.389000000000026	3.632932058404208	0.24549455840418186	770.9303727090072	4	5.705877705127559	389.9552942170493	0.0	
197	0	2243	268	771.557735864024	0.7838541666666666	0.6979166666666666	0.22429999999993322	1.0081541666665998	0.0859375	772.5658900306906	24	1.6800974999999199	0.0	103.83987916665978	
198	0	370	816	777.067286171826	1.2278061149659438	1.0527661020163075	0.1479999999999959	1.3758061149659397	0.17504001294963642	778.443092286792	16	2.387651006938694	147.67765257432902	0.0	
199	0	2482	79	779.405805974135	0.2578125	0.20572916666666666	0.2481999999999971	0.5060124999999971	0.052083333333333336	779.911818474135	24	0.7619024999999965	0.0	52.1192874999997	
200	0	3164	2236	779.945276910049	4.600730066014895	2.7594968712470767	1.26559999999993	5.866330066014825	1.8412331947678184	785.8116069760638	16	9.800034118826728	629.6860029559654	0.0	
203	0	2442	520	794.244417213078	0.9939320584041819	0.8125	0.8139999999999806	1.8079320584041625	0.18143205840418186	796.0523492714822	4	2.765877705127504	194.06161921704438	0.0	
202	0	2642	6430	790.611249998022	8.097561359721189	7.800362255862462	1.0567999999998765	9.154361359721065	0.29719910385872733	799.7656113577431	16	15.843770447497992	982.6199939910994	0.0	
204	0	1045	167	808.029826298341	0.8554377402223636	0.2372159090909091	0.41799999999997084	1.2734377402223345	0.6182218311314546	809.3032640385634	8	2.0413879324002195	136.68953359772516	0.0	
206	0	1039	1495	809.107595982791	2.366355066014895	1.8688718712470767	0.4156000000000213	2.781955066014916	0.4974831947678182	811.889551048806	16	4.758159118826836	298.6122748309751	0.0	
210	0	705	319	831.702848794891	1.4131208002806293	0.4554103327855383	0.2819999999999905	1.6951208002806197	0.9577104674950909	833.3979695951716	16	2.882017440505121	181.95257158132145	0.0	
214	0	170	254	842.967517160131	0.4940867093715383	0.3772853327855383	0.06799999999990403	0.5620867093714423	0.11680137658600005	843.5296038695025	16	0.9709560768686538	60.333825297221246	0.0	
213	0	946	919	841.281330209752	1.912905208877922	1.2818992868373764	0.3784000000001213	2.2913052088780432	0.6310059220405455	843.5726354186301	12	3.897309375980405	245.9464098157603	0.0	
216	0	2355	134	850.3561937463	0.665625	0.41875	0.19625000000005455	0.8618750000000546	0.246875	851.2180687463001	20	1.4336250000000654	0.0	88.77312500000562	
215	0	6481	2798	847.8902464522	4.023051376586	3.9744318181818183	2.5924000000000653	6.615451376586066	0.04861955840418187	854.5056978287861	8	10.35237247785488	710.0959353113717	0.0	
219	0	6081	60	863.031508986374	1.3	0.1875	0.5067166666666025	1.8067166666666026	1.1125	864.8382256530406	20	2.9480599999999235	0.0	186.09181666666007	
218	0	16348	132	861.643267252744	2.221354166666667	0.34375	1.6347917336299433	3.8561459002966103	1.8776041666666667	865.4994131530406	24	5.9601875803559325	0.0	397.18302773055086	
221	0	3642	717	866.966316673311	2.040807058404182	1.1203125	1.2139999999999578	3.2548070584041398	0.9204945584041818	870.2211237317151	4	5.130252705127477	349.36773484204195	0.0	
223	0	2020	1628	900.448445523144	2.663994926154755	2.028727640477846	0.808000000000066	3.471994926154821	0.6352672856769092	903.9204404492988	16	5.764790867078638	372.6804633785323	0.0	
224	0	1879	22	901.19643836966	2.8784591861506494	0.11393053683737646	0.7516000000001388	3.6300591861507883	2.764528649313273	904.8264975558108	12	6.083146535071336	389.64692298223946	0.0	
225	0	4558	639	902.456265694636	2.109375	1.6640625	0.4557166666667172	2.565091666666717	0.4453125	905.0213573613028	24	4.343735000000061	0.0	264.20444166667187	
227	0	22	2769	906.555666837685	0.0	0	0.44000000000005457	0.44000000000005457	0	906.995666837685	0	1.0120000000001255	0.0	0.0	
228	0	4179	2461	911.850318447777	3.4294013946862236	3.029929563554769	1.9297153536904403	5.359116748376664	0.39947183113145457	917.2094351961537	16	8.48858093486373	575.2422326540027	0.0	
230	0	2230	898	915.017995183204	1.741801376586	1.2755681818181819	1.150000000000045	2.891801376586045	0.4662331947678182	917.90979655979	8	4.515242477854854	310.4030679613695	0.0	
231	0	63	2362	917.610612931195	0.0	0	1.259999999999991	1.259999999999991	0	918.870612931195	0	2.897999999999979	0.0	0.0	
229	0	373	3661	913.78235392726	5.339751799787012	4.852211786837376	0.14919999999993383	5.488951799786946	0.4875400129496364	919.271305727047	12	9.790593239616543	589.178597237331	0.0	
234	0	1286	1583	923.257427246025	2.233454451302164	2.1464826201707097	0.602938406769185	2.836392858071349	0.0869718311314546	926.0938201040964	12	4.743744100466918	304.45557299252056	0.0	
235	0	898	210	925.504847555564	1.7338157303505595	0.32440071740092286	0.4479999999999764	2.181815730350536	1.4094150129496366	927.6866632859145	16	3.658468314630979	234.19391868009617	0.0	
236	0	5702	2048	926.243182496426	3.291517285676909	2.909090909090909	2.2807999999999224	5.5723172856768315	0.38242637658600004	931.8154997821028	8	8.661691114218343	598.1269651272654	0.0	
237	0	2376	15	936.039204355889	0.3046875	0.0390625	0.2376000000000431	0.5422875000000431	0.265625	936.581491855889	24	0.8335575000000517	0.0	55.85561250000444	
238	0	2051	1034	937.01396296575	1.5841309220405455	1.46875	0.820399999999976	2.4045309220405215	0.11538092204054551	939.4184938877905	8	3.835915659672953	258.09994464090755	0.0	
239	0	12305	1485	937.902900135848	4.5234375	3.8671875	1.2305000000000064	5.753937500000006	0.65625	943.656837635848	24	9.618787500000009	0.0	592.6555625000007	
241	0	3487	151	957.622583957563	1.9733354674950911	0.21448863636363635	1.394800000000017	3.368135467495108	1.7588468311314547	960.9907194250582	8	5.225763841491185	361.5322929454574	0.0	
243	0	7948	1301	965.232005433711	2.5689320584041817	2.0328125	2.6493333333332365	5.218265391737418	0.5361195584041819	970.4502708254485	4	7.80327770512741	560.1233888837028	0.0	
244	0	494	2201	973.700335370769	4.149571849231679	2.717429563554769	0.3951999999999867	4.544771849231665	1.4321422856769093	978.2451072200007	16	7.943469328617006	487.83126552467775	0.0	
246	0	3868	930	976.599852554024	3.409415012949636	1.3210227272727273	1.547200000000033	4.956615012949669	2.088392285676909	981.5564675669737	8	7.993587023309384	532.0380988750045	0.0	
247	0	224	2945	978.074569952468	3.638973073007902	3.6116603327855383	0.08959999999994928	3.7285730730078512	0.027312740222363692	981.8031430254758	16	6.657671531414162	400.22130508358975	0.0	
249	0	914	1627	980.059274196426	2.157111184896014	2.027525717400923	0.3656000000000108	2.522711184896025	0.12958546749509095	982.581985381322	16	4.3215201328128385	270.7852958755544	0.0	
251	0	17	825	993.652501666075	0.0	0	0.34000000000003183	0.34000000000003183	0	993.992501666075	0	0.7820000000000732	0.0	0.0	
253	0	17256	359	997.812334344255	1.1781249999999999	1.121875	1.437933333333399	2.616058333333399	0.05625	1000.4283926775884	20	3.846145000000079	0.0	269.4540083333401	
252	0	25925	432	996.377404517245	4.677083333333334	1.125	2.5924048270100375	7.269488160343371	3.5520833333333335	1003.6468926775884	24	11.529635792412046	0.0	748.7572805153673	
254	0	1256	1782	1006.52429137583	2.9101826709991343	2.405597203504043	0.5023999999999518	3.412582670999086	0.5045854674950909	1009.9368740468291	12	5.841208807798384	366.3032113223709	0.0	
256	0	12904	3226	1022.4314543157	5.417369558404182	5.040625	4.301333333333439	9.718702891737621	0.37674455840418186	1032.1501572074376	4	14.912865205127655	1043.1958496962245	0.0	
258	0	3901	796	1032.2216775781	1.4501820584041818	1.24375	1.3003333333335538	2.7505153917377356	0.20643205840418186	1034.9721929698378	4	4.170727705127792	295.2375716337368	0.0	
259	0	346	216	1039.19078494124	0.3739036493132728	0.3068181818181818	0.1384000000002077	0.5123036493134805	0.06708546749509096	1039.7030885905535	8	0.8391065687641404	54.990161413659685	0.0	
261	0	4017	379	1048.06515183998	1.2767445584041819	0.5921875	1.3389999999998214	2.6157445584040033	0.6845570584041819	1050.680896398384	4	3.904940205127313	280.7714051545273	0.0	
263	0	10100	2860	1068.60408225128	4.887682058404182	4.46875	3.3666666666665312	8.254348725070713	0.41893205840418185	1076.8584309763507	4	12.837827705127365	886.0135378003653	0.0	
266	0	7719	339	1092.50298773801	1.0625	1.059375	0.64325000000008	1.70575000000008	0.003125	1094.20873773801	20	2.684400000000096	0.0	175.69225000000824	
269	0	4909	143	1095.30587193668	0.5833333333333333	0.3723958333333333	0.49089999999993483	1.074233333333268	0.2109375	1096.3801052700132	24	1.6390799999999217	0.0	110.64603333332661	
267	0	259	4934	1093.6097571407	0.0	0	5.180000000000064	5.180000000000064	0	1098.7897571407	0	11.914000000000145	0.0	0.0	
270	0	1093	735	1097.55082543944	1.640651420999134	1.0423159535040432	0.4372000000000613	2.0778514209991954	0.5983354674950909	1099.628676860439	12	3.477812557798515	223.03449367863263	0.0	
271	0	120	2008	1099.86589504671	0.0	0	2.400000000000091	2.400000000000091	0	1102.26589504671	0	5.520000000000209	0.0	0.0	
272	0	193	423	1100.93982416203	1.467098073007902	0.5804103327855382	0.07719999999999239	1.5442980730078943	0.8866877402223636	1102.4841222350378	16	2.7334165314142145	165.76341085859437	0.0	
273	0	867	1691	1104.56583896553	2.6303410800009086	2.1044487943239996	0.34680000000013855	2.977141080001047	0.5258922856769092	1107.542980045531	16	5.150773944001802	319.5633463862324	0.0	
274	0	214	795	1110.65990645629	1.4156339121687411	1.027525717400923	0.08560000000005896	1.5012339121688	0.3881081947678182	1112.1611403684587	16	2.650861041903805	161.14094689828684	0.0	
277	0	8161	66	1114.45209184068	1.40625	0.171875	0.8161000000000058	2.222350000000006	1.234375	1116.67444184068	24	3.510570000000007	0.0	228.9020500000006	
275	0	14440	2829	1113.68552186809	4.454869558404181	4.4203125	4.813333333333293	9.268202891737474	0.03455705840418187	1122.9537247598275	4	13.794765205127476	994.8396301962086	0.0	
279	0	4911	3035	1122.90518143843	3.9502711499309786	3.719833409708615	2.067600000000146	6.017871149931125	0.23043774022236369	1128.923052588361	16	9.591608069875937	645.952271362457	0.0	
284	0	4123	541	1131.33379701187	1.2501820584041818	0.8453125	1.3743333333335774	2.6245153917377593	0.4048695584041819	1133.9583124036078	4	3.89952770512782	281.71285763373936	0.0	
286	0	3497	9450	1154.61581926883	12.272823597483427	11.430169948170153	1.3987999999999765	13.671623597483404	0.8426536493132728	1168.2874428663133	16	23.769642475470143	1467.498405330271	0.0	
287	0	195	2803	1164.66556555506	3.7424506634233765	3.7350242868373766	0.07799999999996743	3.820450663423344	0.0074263765860000525	1168.4860162184834	12	6.830011194162039	410.0833537611983	0.0	
288	0	703	1358	1170.41242537992	1.9758393317491607	1.7042084097086152	0.2811999999997954	2.257039331748956	0.2716309220405455	1172.669464711669	16	3.8939507971482437	242.2683448306012	0.0	
290	0	2975	1429	1178.78558757688	2.579869558404182	2.0298295454545454	1.1900000000000706	3.7698695584042525	0.5500400129496364	1182.5554571352843	8	6.071765205127612	404.65402852955407	0.0	
292	0	1925	352	1182.32264693649	1.5503947746398787	0.6026274889629696	0.7700000000000293	2.320394774639908	0.9477672856769092	1184.6430417111299	8	3.714710594351817	249.0688547150731	0.0	
293	0	5182	10	1183.06144031739	1.6204945584041819	0.015625	1.72733333333337	3.347827891737552	1.6048695584041819	1186.4092682091275	4	4.989690205127571	359.3524980712171	0.0	
297	0	933	407	1224.09703991154	0.8753241038587274	0.578125	0.3731999999999718	1.2485241038586992	0.29719910385872733	1225.3455640153986	8	2.0234233869456757	134.01532878408892	0.0	
298	0	7352	1815	1227.33199764837	2.925182058404182	2.8359375	2.4506666666667276	5.3758487250709095	0.08924455840418187	1232.7078463734408	4	8.2061277051276	577.0382263003863	0.0	
299	0	1119	126	1233.71999419005	1.529161010070839	0.22343917893938436	0.44759999999989253	1.9767610100707316	1.3057218311314547	1235.6967552001208	16	3.2896098181273814	212.18355005998225	0.0	
301	0	5566	829	1248.46087042815	2.203125	2.1588541666666665	0.5565999999998894	2.7597249999998894	0.044270833333333336	1251.2205954281499	24	4.6335449999998675	0.0	284.2516749999886	
303	0	493	1979	1254.16142266291	2.499222198882028	2.450602640477846	0.1972000000001186	2.6964221988821464	0.04861955840418187	1256.857844861792	16	4.735239957987793	289.4312624058107	0.0	
302	0	1252	2833	1251.72587451631	5.018562233847063	3.4770449481701537	0.5008000000001696	5.519362233847232	1.5415172856769093	1257.2452367501571	16	9.634372020924916	592.4428228189281	0.0	
304	0	9054	2103	1255.03051644511	4.162682058404182	3.2859375	3.0180000000000904	7.1806820584042725	0.8767445584041819	1262.2111985035142	4	11.114427705127635	770.7672314670561	0.0	
305	0	13009	1389	1266.45232159567	5.010416666666667	3.6171875	1.3009000000000315	6.311316666666698	1.3932291666666667	1272.7636382623366	24	10.579830000000038	0.0	650.0656166666699	
307	0	16047	196	1288.46016750177	1.671875	0.5104166666666666	1.6047000000000935	3.2765750000000935	1.1614583333333333	1291.73674250177	24	4.935015000000112	0.0	337.48722500000963	
310	0	2260	1157	1295.02842673766	1.782994558404182	1.6434659090909092	2.4172000000001095	4.2001945584042915	0.13952864931327277	1299.2286212960644	8	6.110030205127659	450.84468370455824	0.0	
309	0	1314	3218	1293.40184353414	4.508667519483983	4.27538887017071	1.7850602424404185	6.293727761924401	0.23327864931327277	1299.6955712960644	12	10.257673825999671	675.5624442372033	0.0	
308	0	6293	6017	1288.53387541845	7.734689856224685	7.303968025093231	4.9340492032080245	12.66873905943271	0.43072183113145457	1301.2026144778827	16	19.843300785054062	1359.8497819004476	0.0	
312	0	7840	415	1300.37616606072	1.5390625	1.0807291666666667	0.7840000000001055	2.3230625000001055	0.4583333333333333	1302.69922856072	24	3.7111125000001266	0.0	239.27543750001087	
311	0	4106	337	1297.77487162642	1.9605513765860003	0.4786931818181818	3.17232783851291	5.13287921509891	1.4818581947678184	1302.907750841519	8	7.335785884070292	550.9581220695019	0.0	
314	0	3826	1726	1305.82944162451	2.966233194767818	2.4517045454545454	2.4820662015628217	5.44829939633064	0.5145286493132728	1311.2777410208407	8	8.317699192457459	584.8150089027346	0.0	
315	0	2006	636	1308.22621468312	1.8012326883925172	0.8364199481701535	1.753777740237595	3.555010428630112	0.9648127402223636	1311.78122511175	16	5.346752127391644	381.5912643987276	0.0	
316	0	508	499	1309.33378808469	2.1671665725142857	0.7350242868373765	0.6088000000000493	2.775966572514335	1.4321422856769093	1312.1097546572043	12	4.631459830525774	297.9694759271162	0.0	
318	0	2521	1163	1310.71303435424	4.729193087665801	1.59960762017071	1.008399999999999	5.7375930876658	3.129585467495091	1316.450627441906	12	9.722627557798441	615.8675044369593	0.0	
317	0	1201	6265	1309.54154539982	9.373675870210699	7.602044948170153	0.4803999999999373	9.854075870210636	1.7716309220405455	1319.3956212700307	16	17.449096566379183	1057.7266498325394	0.0	
322	0	5234	1030	1326.02715896777	2.142369558404182	1.609375	1.744666666666733	3.887036225070915	0.5329945584041819	1329.914195192841	4	5.949865205127606	417.23058136288694	0.0	
325	0	5104	2246	1346.59311296048	4.186403649313273	3.190340909090909	2.0416000000001775	6.22800364931345	0.9960627402223636	1352.8211166097935	8	9.985446568764104	668.5076837136564	0.0	
326	0	8106	945	1359.00545213096	2.584557058404182	1.4765625	2.7020000000000595	5.286557058404242	1.107994558404182	1364.2920091893643	4	7.8946027051276	567.4537480920529	0.0	
328	0	1367	1247	1368.25865263876	1.5853235974834263	1.5707949481701535	0.5468000000001154	2.1321235974835417	0.01452864931327278	1370.3907762362435	16	3.509742475470306	228.86001483028588	0.0	
334	0	1909	2	1377.73474130639	0.35416666666666663	0.005208333333333333	0.19089999999990448	0.5450666666665711	0.3489583333333333	1378.2798079730567	24	0.8665799999998853	0.0	56.141866666656824	
330	0	3609	3220	1371.4561383937	4.720078504332467	4.277993036837376	3.1748558266073372	7.894934330939805	0.442085467495091	1379.3510727246398	12	12.305968299727246	847.4343561487477	0.0	
331	0	3494	1649	1373.72665771169	2.963392285676909	2.3423295454545454	3.3528000000001525	6.316192285677062	0.6210627402223636	1380.042849997367	8	9.35746611421862	677.9737637522901	0.0	
335	0	3027	1919	1379.20110725082	2.827204451302164	2.5839826201707097	1.2108000000000216	4.038004451302186	0.2432218311314546	1383.2391117021223	12	6.541928012343921	433.4353597983253	0.0	
336	0	2057	694	1382.20093288259	2.183444226854056	0.9061314866316921	0.8227999999999946	3.006244226854051	1.2773127402223639	1385.207177109444	16	4.917559608337294	322.68724906628694	0.0	
337	0	3256	96	1392.95855196183	0.9376820584041818	0.15	1.0853333333335902	2.023015391737772	0.7876820584041818	1394.9815673535677	4	2.9902277051278356	217.1484491337407	0.0	
338	0	3182	1650	1415.11791477479	3.221687233847063	2.0551699481701537	1.3093929124571853	4.531080146304248	1.1665172856769093	1419.6489949210943	16	7.370308515873335	486.3616118241517	0.0	
340	0	7055	184	1419.19119314408	1.3203125	0.4791666666666667	0.7055000000000291	2.025812500000029	0.8411458333333334	1421.21700564408	24	3.2231625000000346	0.0	208.658687500003	
342	0	1812	2584	1428.11167750328	3.1880333876932165	3.1777661020163075	0.72479999999991	3.9128333876931265	0.010267285676909143	1432.024510890973	16	6.608220097847682	419.9996230015925	0.0	
344	0	3562	2186	1433.12642482486	4.660656155847619	2.9316388701707097	1.4248000000000047	6.0854561558476234	1.7290172856769093	1439.2118809807075	12	10.098941080525721	653.2067783125281	0.0	
345	0	2700	1131	1441.66197689643	2.050040012949636	1.6065340909090908	1.0799999999997576	3.1300400129493937	0.4435059220405455	1444.7920169093793	8	4.986072023309054	335.97536494997496	0.0	
346	0	15969	124	1442.9100584581	2.1067708333333335	0.3229166666666667	1.5969000000001565	3.70367083333349	1.7838541666666667	1446.6137292914334	24	5.708467500000188	0.0	381.47809583334947	
347	0	2836	1681	1445.93231577502	2.420778649313273	2.387784090909091	1.1343999999998475	3.5551786493131203	0.03299455840418187	1449.4874944243331	8	5.718681568763708	381.60932103862103	0.0	
348	0	4537	349	1448.58679032198	1.6510416666666665	0.9088541666666666	0.45370000000010213	2.1047416666667687	0.7421875	1450.6915319886468	24	3.516315000000122	0.0	216.78839166667717	
349	0	950	20	1453.6616739638	1.7821050194839827	0.1113263701707098	0.38000000000000544	2.162105019483988	1.6707786493132728	1455.823778983284	12	3.6637890350711757	232.0781906863918	0.0	
353	0	303	4609	1479.77075094733	6.060848073007902	5.611660332785538	0.12120000000008879	6.182048073007991	0.4491877402223637	1485.952799020338	16	11.054966531414331	663.5748581086048	0.0	
355	0	2462	1648	1489.9282471964	2.2377492967841257	2.0527661020163075	0.9847999999997561	3.222549296783882	0.18498319476781822	1493.1507964931839	16	5.209708734211134	345.9052189674851	0.0	
357	0	1105	123	1502.60746765004	0.4010416666666667	0.3203125	0.11050000000007759	0.5115416666667443	0.08072916666666667	1503.1190093167068	24	0.8544750000000931	0.0	52.68879166667466	
356	0	2897	757	1502.0694732458	2.1835627402223636	1.0752840909090908	1.1587999999997791	3.3423627402221427	1.1082786493132728	1505.4118359860222	8	5.3209729323999895	358.76587417270457	0.0	
358	0	4526	2745	1504.07709881401	3.4426225485323774	3.371275717400923	1.8104000000001217	5.253022548532499	0.0713468311314546	1509.3301213625425	16	8.369200587358424	563.85418733693	0.0	
359	0	4096	4290	1511.02810792145	5.457264156923986	5.228246871247077	1.6384000000001722	7.095664156924158	0.22901728567690913	1518.1237720783743	16	11.78915548246338	761.6414949400822	0.0	
360	0	10161	1782	1511.88778974635	3.1642445584041816	2.784375	3.386999999999869	6.551244558404051	0.37986955840418185	1518.4390343047542	4	9.760040205127371	703.2040396545324	0.0	
363	0	1466	1437	1521.23403434142	2.2114162548260836	1.799160332785538	0.5863999999997915	2.797816254825875	0.4122559220405455	1524.031850596246	16	4.684229258686701	300.3147989767546	0.0	
366	0	2215	3559	1542.01220538404	4.499112933147762	4.3496411020163075	0.8859999999998767	5.385112933147639	0.1494718311314546	1547.3973183171877	16	9.161603279665824	578.0326371311344	0.0	
371	0	215	67	1549.37312018678	0.25239384524155833	0.17252428683737647	0.08600000000006763	0.33839384524162597	0.07986955840418188	1549.7115140320216	12	0.5575089214348862	36.322856954390886	0.0	
365	0	450	7040	1540.26600350711	9.888973073007902	8.533535332785538	0.18000000000010807	10.06897307300801	1.3554377402223639	1550.334976580118	16	18.01615153141435	1080.7935006836067	0.0	
367	0	7136	1796	1546.84630537567	3.884557058404182	2.80625	2.3786666666667475	6.2632237250709295	1.078307058404182	1553.109529100741	4	9.846602705127625	672.2881714253884	0.0	
368	0	2380	4107	1548.57882828438	5.43049405202888	5.008294948170153	0.9520000000000799	6.38249405202896	0.42219910385872733	1554.961322336409	16	10.91728929365208	685.0905290507366	0.0	
373	0	224	103	1559.47074248376	1.131655208877922	0.21939928683737647	0.08959999999997015	1.221255208877892	0.9122559220405455	1560.6919976926379	12	2.1444993759802236	131.08831286574406	0.0	
372	0	4464	4687	1556.01953383601	6.430166254826084	5.705410332785538	1.7855999999998104	8.215766254825894	0.7247559220405455	1564.2353000908358	16	13.717019258686722	881.8721340267566	0.0	
379	0	828	1809	1587.86817763925	2.530566193726407	2.440753453504043	0.6623999999998995	3.1929661937263063	0.0898127402223637	1591.0611438329763	12	5.3498991487074115	342.729798268388	0.0	
378	0	3354	2539	1587.13309689926	3.3981513946862236	3.123679563554769	1.6725546299392278	5.070706024625451	0.27447183113145457	1592.2038029238854	16	8.123738066362275	544.2845139772713	0.0	
380	0	7941	1646	1589.054679006	2.628307058404182	2.571875	2.6470000000000415	5.275307058404223	0.05643205840418187	1594.3299860644042	4	7.907352705127577	566.2461843420509	0.0	
381	0	7213	1931	1603.68073393354	3.806432058404182	3.0171875	2.4043333333334136	6.210765391737596	0.7892445584041818	1609.8914993252777	4	9.736777705127624	666.6573463837218	0.0	
383	0	8366	6	1611.19110885684	1.8697916666666667	0.015625	0.8366000000001652	2.706391666666832	1.8541666666666667	1613.8975005235068	24	4.3695450000001985	0.0	278.7583416666837	
385	0	3382	485	1615.55413019275	1.306432058404182	0.7578125	1.12733333333337	2.433765391737552	0.5486195584041819	1617.9878955844877	4	3.7043777051275715	261.2379433837171	0.0	
386	0	540	1148	1617.40131795317	2.734799121958951	1.451804563554769	0.21599999999992914	2.9507991219588803	1.282994558404182	1620.352117075129	16	5.181838419526027	316.73582695194426	0.0	
389	0	1080	281	1627.30317833364	0.6126820584041819	0.4390625	0.360000000000007	0.9726820584041889	0.17361955840418186	1628.2758603920443	4	1.5348277051275359	104.40671946704722	0.0	
390	0	978	2333	1630.49861805877	4.711634786294615	2.876083409708615	0.391199999999964	5.102834786294579	1.835551376586	1635.6014528450646	16	8.950382615330264	547.7331831260739	0.0	
392	0	1567	2223	1632.69886130863	3.4260141569239857	2.7438718712470767	1.2536000000001315	4.679614156924117	0.6821422856769092	1637.3784754655542	16	7.6711454824633325	502.3051039900778	0.0	
391	0	3853	3158	1631.11490216368	4.758667519483983	4.19726387017071	2.167767146026459	6.926434665510442	0.5614036493132728	1638.0413368291904	12	11.16692211030292	743.4765705612253	0.0	
396	0	8326	2761	1650.40480499475	4.826744558404182	4.3140625	2.775333333333326	7.602077891737508	0.5126820584041819	1658.0068828864876	4	12.018540205127518	815.9994388212124	0.0	
397	0	2516	4526	1653.4093143476	5.804838457623286	5.5119007174009225	2.466400000000154	8.27123845762344	0.2929377402223637	1661.6805528052234	16	13.4083892237221	887.8264648028425	0.0	
398	0	4701	1559	1655.05903785339	4.38828399675671	2.1152326201707097	3.1085445914401664	7.496828588196877	2.2730513765860003	1662.5558664415869	12	11.629164703890279	804.7020838284645	0.0	
400	0	3192	124	1668.61579352641	1.0364583333333333	0.3229166666666667	0.31920000000006143	1.3556583333333947	0.7135416666666666	1669.9714518597434	24	2.2486650000000736	0.0	139.63280833333965	
403	0	3005	20	1681.25049026428	1.1458333333333333	0.052083333333333336	0.30049999999998067	1.446333333333314	1.09375	1682.6968235976133	24	2.4230999999999767	0.0	148.97233333333133	
404	0	4714	472	1681.3036028526	2.001744558404182	0.7375	1.57133333333333	3.573077891737512	1.264244558404182	1684.8766807443376	4	5.488740205127524	383.5306078212128	0.0	
405	0	1623	3567	1682.3539009676	5.000026420999134	4.729815953504043	0.6492000000000502	5.6492264209991845	0.270210467495091	1688.0031273885993	12	9.779087557798503	606.3823148036314	0.0	
407	0	1687	1943	1683.74419295532	3.705952968112797	2.407333409708615	0.6748000000000047	4.380752968112802	1.298619558404182	1688.1249459234327	16	7.48047534260304	470.22564284426	0.0	
408	0	6998	3279	1685.80362768844	5.351176376585999	4.657670454545454	2.7991999999998827	8.150376376585882	0.6935059220405455	1693.9540040650259	8	12.991157477854657	874.8532498863519	0.0	
410	0	3219	2155	1690.91460648117	2.9564992967841257	2.6621411020163075	1.2875999999999173	4.244099296784043	0.2943581947678182	1695.158705777954	16	6.866818734211327	455.5573744175024	0.0	
412	0	1237	1680	1694.63413498628	2.784472443726407	2.272784703504043	0.4947999999999064	3.279272443726313	0.5116877402223636	1697.9134074300064	12	5.60581039870742	351.99382483713873	0.0	
413	0	7820	496	1698.07921940038	3.739244558404182	0.775	2.6066666666667677	6.3459112250709495	2.964244558404182	1704.425130625451	4	9.85864020512765	681.1637649878907	0.0	
414	0	8616	698	1706.91994347065	3.2421875	1.8177083333333333	0.8615999999999531	4.103787499999953	1.4244791666666667	1711.02373097065	24	6.869857499999943	0.0	422.69011249999517	
415	0	8321	3693	1719.01170202989	5.3696422856769095	5.245738636363637	3.328400000000138	8.698042285677047	0.12390364931327279	1727.7097443155671	8	13.659436114218602	933.6391609022886	0.0	
417	0	2018	1442	1742.34087117815	2.3594713247561536	1.8051699481701535	0.8072000000000266	3.16667132475618	0.5543013765860001	1745.5075425029063	16	5.215688384561108	339.90733332800363	0.0	
418	0	2913	2530	1744.42891570238	6.030447822514286	3.3795555368373766	1.165199999999989	7.195647822514275	2.650892285676909	1751.6245635248943	12	12.253046080525701	772.3736416208598	0.0	
421	0	6004	772	1752.63172250056	1.7236195584041818	1.20625	2.0013333333333483	3.72495289173753	0.5173695584041819	1756.3566753922976	4	5.504115205127546	399.83271844621476	0.0	
423	0	688	352	1757.22630746751	2.589147898182727	0.4950737943239998	0.27520000000008693	2.864347898182814	2.0940741038587274	1760.0906553656928	16	4.990706216729014	307.45623904304506	0.0	
424	0	965	641	1760.41233991	1.3563237694839825	0.9199201201707098	0.3859999999998638	1.7423237694838463	0.43640364931327275	1762.1546636794837	12	2.904582785071005	187.01929109262656	0.0	
429	0	432	286	1770.82786613529	0.5353891569239859	0.4157468712470767	0.3456000000002295	0.8809891569242154	0.11964228567690915	1771.7088552922141	16	1.37842048246345	94.56449511508836	0.0	
427	0	616	214	1769.4629450433	2.7670325135673424	0.32920840970861515	0.24639999999995288	3.0134325135672952	2.4378241038587274	1772.4763775568672	16	5.27633852442116	323.4588325737999	0.0	
426	0	8074	1851	1768.58862792661	6.819926376586	2.6292613636363638	3.4021237162909976	10.222050092876998	4.190665012949636	1778.8106780194869	8	16.358415937403997	1097.224634919324	0.0	
430	0	3567	1153	1783.82771173659	2.6793013765860003	1.6377840909090908	1.4267999999999113	4.106101376585912	1.0415172856769093	1787.9338131131758	8	6.534902477854694	440.7448156613552	0.0	
431	0	2383	1025	1800.27314727182	1.9633922856769093	1.4559659090909092	0.953199999999961	2.9165922856768702	0.5074263765860001	1803.189739557497	8	4.67794611421839	313.0640993522696	0.0	
434	0	524	1993	1810.83727683278	2.521730940140769	2.467429563554769	0.20959999999988232	2.7313309401406514	0.05430137658600005	1813.5686077729206	16	4.790635692253243	293.17833178375736	0.0	
436	0	23254	243	1820.84792507388	0.8718750000000001	0.759375	1.9378333333334465	2.8097083333334467	0.1125	1823.6576334072136	20	3.894775000000136	0.0	289.399958333345	
437	0	7502	691	1821.6052801942	2.6720570584041816	1.0796875	2.500666666666728	5.1727237250709095	1.592369558404182	1826.778003919271	4	7.8105027051276	555.2349919253863	0.0	
439	0	4091	3442	1825.28367948134	4.86416975132958	4.2090161020163075	2.8587661563077127	7.722935907637293	0.6551536493132728	1833.0066153889773	16	12.1860249399625	828.9722173898793	0.0	
445	0	1265	433	1832.20053992695	0.8511763765860001	0.6150568181818182	1.0119999999998976	1.8631763765858977	0.23611955840418186	1834.0637163035358	8	2.7465174778546775	199.99148908635368	0.0	
440	0	5483	3252	1825.58700203616	5.126801989180953	4.319659703504043	3.9409350054676597	9.067736994648612	0.8071422856769092	1834.6547390308085	12	13.957365587086908	973.3218212685874	0.0	
444	0	10614	42	1831.81786668703	1.8098958333333333	0.109375	1.061399999999973	2.8712958333333063	1.7005208333333333	1834.6891625203632	24	4.531492499999968	0.0	295.74347083333055	
446	0	15810	416	1832.34080683557	2.35	1.3	1.317500000000018	3.667500000000018	1.05	1836.00830683557	20	5.811000000000022	0.0	377.7525000000019	
448	0	434	642	1836.94234703407	0.9604328632176922	0.8436314866316921	0.17360000000003395	1.1340328632177261	0.11680137658600005	1838.0763798972878	16	1.9370991537918867	121.7259535049275	0.0	
447	0	3496	67	1836.64519191274	1.4375	0.17447916666666666	0.34960000000000946	1.7871000000000095	1.2630208333333333	1838.43229191274	24	3.0070200000000114	0.0	184.07130000000097	
449	0	1760	327	1848.92122451658	0.7814320584041818	0.5109375	0.586666666666513	1.3680987250706949	0.27049455840418185	1850.2893232416507	4	2.110577705127343	146.85034905036332	0.0	
459	0	3678	581	1880.71252969552	1.6328125	1.5130208333333333	0.36779999999998836	2.0006124999999884	0.11979166666666667	1882.71314219552	24	3.380422499999986	0.0	206.0630874999988	
458	0	3356	3058	1878.46585211123	4.070244926154755	3.747477640477846	1.3424000000000706	5.412644926154826	0.32276728567690915	1883.878497037385	16	8.937320867078645	580.9878937285329	0.0	
460	0	3998	634	1888.57281085558	2.2304377402223636	0.9005681818181818	1.599200000000188	3.8296377402225517	1.329869558404182	1892.4024485958025	8	5.93382793240048	411.06948539774845	0.0	
461	0	7479	873	1888.91918571913	2.184557058404182	1.3640625	2.492999999999909	4.677557058404091	0.8204945584041818	1893.596742777534	4	6.923802705127418	502.0842970920367	0.0	
462	0	3554	705	1893.186593191	1.8483354674950911	1.0014204545454546	1.421599999999997	3.2699354674950882	0.8469150129496364	1896.456528658495	8	5.032923841491161	350.99160314545526	0.0	
463	0	92	595	1902.39429735006	1.0246811149659438	0.7871411020163074	0.03680000000005612	1.061481114966	0.23754001294963642	1903.455778465026	16	1.888586006938766	113.93832139933546	0.0	
464	0	3759	732	1909.02185470222	1.8314320584041819	1.14375	1.2529999999998087	3.0844320584039906	0.6876820584041818	1912.106286760624	4	4.8001777051272985	331.0798527170259	0.0	
467	0	144	651	1939.47362597031	1.0621592618190907	0.8544487943239998	0.05760000000026322	1.119759261819354	0.20771046749509095	1940.5933852321293	16	1.9810066712746792	120.19383940442764	0.0	
469	0	2355	678	1959.94128663297	1.9690741038587274	0.9630681818181818	0.941999999999982	2.9110741038587093	1.0060059220405455	1962.8523607368288	8	4.674733386945688	312.47178323409	0.0	
470	0	5115	496	1960.67758762505	1.5970570584041819	0.775	1.7050000000000343	3.302057058404216	0.8220570584041819	1963.9796446834541	4	4.920702705127569	354.43950259205013	0.0	
475	0	1433	1465	2004.35156779259	1.8970587373435663	1.8328141789393844	0.5731999999999899	2.4702587373435563	0.06424455840418188	2006.8218265299336	16	4.102545727218407	265.15510260772	0.0	
476	0	2252	1128	2010.60517810502	2.4607606604204895	1.4277661020163075	0.90079999999982	3.3615606604203094	1.032994558404182	2013.9667387654404	16	5.510329188756666	360.8265597288556	0.0	
474	0	18266	2328	2002.73799760029	5.814244558404182	3.6375	6.088666666666784	11.902911225070966	2.176744558404182	2014.640908825361	4	17.772040205127666	1277.6465879878924	0.0	
478	0	471	306	2017.39652983195	1.8307344366442657	0.4397853327855383	0.1883999999999424	2.019134436644208	1.3909491038587274	2019.4156642685941	16	3.521401985959609	216.73187129495264	0.0	
483	0	5938	2628	2030.14523979581	4.145210467495091	3.7329545454545454	2.375199999999821	6.520410467494912	0.4122559220405455	2036.665650263305	8	10.311618841490949	699.8943391704364	0.0	
489	0	523	228	2078.69527795231	0.36822183113145457	0.32386363636363635	0.2091999999997779	0.5774218311312325	0.04435819476781823	2079.272699783441	8	0.9138392960363517	61.97988193179536	0.0	
488	0	11435	2666	2078.5825938023	4.182994558404182	4.165625	3.811666666666376	7.994661225070558	0.017369558404181872	2086.5772550273705	4	12.10339020512718	858.1389412378487	0.0	
491	0	2954	2012	2083.74236260002	2.8019913831203462	2.7050763701707097	1.1815999999999098	3.983591383120256	0.09691501294963642	2087.7259539831402	12	6.461504489616516	427.5947154727452	0.0	
490	0	1157	4382	2082.62253677019	5.725511534546364	5.338823794324	0.4627999999999375	6.188311534546301	0.3866877402223637	2088.8108483047363	16	10.86128076218338	664.2471718066654	0.0	
492	0	3877	914	2087.19555997412	1.4408070584041819	1.428125	1.2923333333331972	2.733140391737379	0.01268205840418187	2089.9287003658574	4	4.144252705127364	293.37255650869855	0.0	
494	0	3391	387	2098.60430924701	1.21875	1.0078125	0.33910000000014406	1.557850000000144	0.2109375	2100.16215924701	24	2.600670000000173	0.0	160.45855000001484	
498	0	6378	256	2132.2676010193	1.0572916666666665	0.6666666666666666	0.6377999999998187	1.6950916666664853	0.390625	2133.9626926859664	24	2.668484999999782	0.0	174.59444166664798	
499	0	763	15	2132.74823180127	1.3488725485323776	0.09002571740092286	0.3051999999996078	1.6540725485319854	1.2588468311314547	2134.402304349802	16	2.7942105873578087	177.54649328687478	0.0	
500	0	1128	570	2137.33096547117	0.8582786493132728	0.8096590909090909	0.45119999999967764	1.3094786493129504	0.04861955840418187	2138.640444120483	8	2.0863415687635043	140.5581287386028	0.0	
502	0	665	2576	2140.92471359198	4.117332292211255	3.4394513701707097	0.2660000000001794	4.383332292211435	0.6778809220405455	2145.3080458841914	12	7.730398125980475	470.5025049136832	0.0	
501	0	1750	3832	2138.87749220415	6.693715205875035	4.6777661020163075	0.7000000000001609	7.393715205875196	2.0159491038587274	2146.271207410025	16	12.888687370575257	793.6339964834377	0.0	
505	0	3872	143	2155.65128729509	0.7625	0.446875	0.32266666666673705	1.085166666666737	0.315625	2156.7364539617565	20	1.7597000000000844	0.0	111.77216666667391	
503	0	12468	1225	2152.53971704452	3.6354166666666665	3.1901041666666665	1.2467077505696884	4.882124417236355	0.4453125	2157.4218414617562	24	8.039799300683626	0.0	502.85881497534456	
507	0	2540	919	2159.43823932884	1.6338468311314547	1.3053977272727273	1.0160000000000717	2.6498468311315264	0.32844910385872733	2162.0880861599717	8	4.160124296036704	284.4319090068269	0.0	
511	0	5120	523	2163.0311082928	2.033854166666667	1.3619791666666667	0.5120000000000191	2.545854166666686	0.671875	2165.576962459467	24	4.275337500000024	0.0	262.22297916666867	
513	0	2354	1097	2164.09460374808	2.682023772308601	1.390506486631692	0.9416000000001459	3.623623772308747	1.2915172856769093	2167.7182275203886	16	5.957562790155658	388.9561520958486	0.0	
514	0	1384	2041	2165.17537071937	3.0613427088779224	2.7428367868373766	1.1071999999998718	4.168542708877794	0.3185059220405455	2169.343913428248	12	6.8390568759801065	447.44720582823356	0.0	
509	0	6301	3298	2162.29644459409	4.699187740222364	4.684659090909091	3.073903821208283	7.773091561430647	0.01452864931327278	2170.069536155521	8	12.147222517850194	834.3558751124042	0.0	
516	0	4171	645	2188.26832492516	1.8392445584041819	1.0078125	1.3903333333331536	3.2295778917373354	0.8314320584041819	2191.4979028168973	4	4.979040205127312	346.6596613211938	0.0	
517	0	934	2687	2193.63712851614	5.057570100979929	3.301564178939384	0.37359999999974125	5.431170100979671	1.7560059220405455	2199.0682986171196	16	9.551946181763563	582.9763674690569	0.0	
519	0	532	700	2200.76479758588	2.173203504332468	0.9967430368373765	0.21279999999969812	2.386003504332166	1.1764604674950911	2203.150801090212	12	4.16712630779808	256.11123015151037	0.0	
518	0	3023	6255	2198.51229429806	7.607395275805104	7.5900257174009225	1.2091999999993979	8.816595275804502	0.017369558404181872	2207.3288895738647	16	15.144351496448467	946.3645203095795	0.0	
522	0	3013	767	2209.60828928803	1.4767445584041818	1.1984375	1.0043333333334592	2.481077891737641	0.27830705840418185	2212.0893671797676	4	3.8633402051276784	266.31641982122665	0.0	
521	0	5777	1479	2205.86864992167	3.926460467495091	2.100852272727273	2.3108000000005253	6.2372604674956165	1.8256081947678184	2212.1059103891657	8	9.840588841491794	669.501301320512	0.0	
528	0	431	1614	2221.88885049338	2.8434213073627705	2.186847203504043	0.17240000000001432	3.015821307362785	0.6565741038587273	2224.9046718007426	12	5.325038353253004	323.715243311014	0.0	
531	0	3996	265	2230.96784610617	1.3958333333333333	0.6901041666666666	0.39959999999988827	1.7954333333332215	0.7057291666666666	2232.763279439503	24	2.9920199999998656	0.0	184.92963333332182	
530	0	4585	417	2229.34265871723	2.515807058404182	0.6515625	1.5283333333333462	4.044140391737528	1.864244558404182	2233.3867991089674	4	6.362452705127543	434.0939855087145	0.0	
532	0	3225	1586	2233.56623705781	2.338392285676909	2.252840909090909	1.2900000000000005	3.6283922856769095	0.08555137658600005	2237.194629343487	8	5.757106114218438	389.4679995522738	0.0	
534	0	2275	802	2254.43438021465	1.2560059220405455	1.1392045454545454	0.9099999999997672	2.1660059220403127	0.11680137658600005	2256.6003861366903	8	3.352810659672702	232.4969096658851	0.0	
533	0	24044	2578	2252.69023830999	7.216145833333334	6.713541666666667	2.404399999999592	9.620545833332926	0.5026041666666666	2262.310784143323	24	15.87434249999951	0.0	990.9162208332914	
535	0	2579	2809	2256.36306994935	6.295113807273636	3.4481987943239996	1.0315999999996999	7.326713807273336	2.8469150129496366	2263.6897837566235	16	12.569124853092186	786.4421333589127	0.0	
536	0	10751	1001	2262.61852816995	3.2970570584041816	1.5640625	3.583666666667039	6.8807237250712205	1.732994558404182	2269.499251895021	4	10.235102705127973	738.5700039254198	0.0	
537	0	9832	263	2267.55203141685	2.3619791666666665	0.6848958333333334	0.9832000000004277	3.3451791666670943	1.6770833333333333	2270.897210583517	24	5.431402500000512	0.0	344.5534541667107	
539	0	3992	292	2271.09873606838	1.5572916666666665	0.7604166666666666	0.3991999999996856	1.956491666666352	0.796875	2273.055227735046	24	3.2821649999996225	0.0	201.51864166663427	
541	0	5921	2220	2275.86822774883	3.554869558404182	3.46875	1.9736666666669112	5.528536225071093	0.08611955840418188	2281.396763973901	4	8.76716520512782	593.4275498629061	0.0	
544	0	3269	1459	2295.09779050185	2.888108194767818	2.0724431818181817	1.3075999999997578	4.195708194767576	0.8156650129496364	2299.2934986966175	8	6.767714750581782	450.3631219181568	0.0	
551	0	3973	2027	2327.64382646769	3.258846831131455	2.8792613636363638	1.5891999999998867	4.848046831131342	0.379585467495091	2332.4918732988212	8	7.772964296036482	520.3844988068071	0.0	
554	0	7453	651	2344.44820827553	2.5989583333333335	1.6953125	0.7453000000001944	3.344258333333528	0.9036458333333334	2347.7924666088634	24	5.572485000000234	0.0	344.45860833335337	
555	0	7203	525	2350.98442197422	2.726744558404182	0.8203125	2.4009999999999923	5.127744558404174	1.906432058404182	2356.112166532624	4	7.789340205127518	550.4069731545457	0.0	
556	0	8028	2743	2351.34070320219	6.613960467495091	3.8963068181818183	3.211200000000516	9.825160467495607	2.717653649313273	2361.1658636696857	8	15.758568841491783	1054.622899420511	0.0	
558	0	849	1356	2359.99300470875	2.552938352817316	1.8509097035040432	0.8559973400656897	3.4089356928830057	0.7020286493132728	2363.401940401633	12	5.622485843149997	365.91174833836897	0.0	
557	0	999	3012	2358.02612257338	4.813251919161748	3.692189178939384	0.9616000000000993	5.774851919161847	1.1210627402223639	2363.8009744925416	16	9.817773454491265	619.8668301509135	0.0	
563	0	5016	173	2386.45856377512	1.7005208333333333	0.4505208333333333	0.5015182035232708	2.202039036856604	1.25	2388.660602811977	24	3.662759344227925	0.0	226.81002079623022	
565	0	7971	3239	2391.76584050737	6.250324103858727	4.6008522727272725	3.188400000000204	9.438724103858931	1.6494718311314547	2401.2045646112288	8	15.076663386945953	1013.1432065841137	0.0	
567	0	7259	2225	2395.26308381509	4.665807058404182	3.4765625	2.41966666666646	7.085473725070642	1.189244558404182	2402.3485575401605	4	11.30205270512728	760.5476641753577	0.0	
568	0	2548	4983	2397.63504326939	6.324287758322587	6.061179563554769	1.0192000000000938	7.343487758322681	0.2631081947678182	2404.9785310277125	16	12.606757964980769	788.2426324905982	0.0	
570	0	10366	955	2408.55416622797	2.755208333333333	2.4869791666666665	1.0365999999996047	3.7918083333329378	0.2682291666666667	2412.345974561303	24	6.2032949999995255	0.0	390.5562583332926	
571	0	2074	157	2411.55490803904	0.3501820584041819	0.2453125	0.6913333333332663	1.0415153917374482	0.10486955840418187	2412.5964234307776	4	1.4599277051274469	111.79522063370595	0.0	
573	0	55	594	2419.94249546801	1.2649564646162936	0.7859391789393844	0.021999999999902542	1.2869564646161962	0.47901728567690915	2421.229451932626	16	2.3033216363092115	138.14061995543787	0.0	
574	0	1647	650	2420.74592627594	2.400445975105804	0.8532468712470767	0.6588000000002192	3.0592459751060233	1.5471991038587274	2423.805172251046	16	5.111362755190711	328.37640372190543	0.0	
575	0	216	1088	2424.59662619905	1.4837064646162936	1.3796891789393844	0.08640000000010772	1.5701064646164014	0.10401728567690915	2426.1667326636666	16	2.7743516363094582	168.5336578054599	0.0	
576	0	2023	299	2429.59165251776	0.90625	0.7786458333333334	0.20229999999992287	1.1085499999999229	0.12760416666666666	2430.70020251776	24	1.8740099999999076	0.0	114.18064999999206	
577	0	353	3014	2430.19133959928	4.101167128951958	3.6945930250932304	0.14120000000012478	4.242367128952083	0.40657410385872733	2434.433706728232	16	7.551540832113674	455.37144525458757	0.0	
581	0	2566	138	2458.35334263825	1.014244558404182	0.215625	0.8553333333330262	1.8695778917372081	0.7986195584041819	2460.2229205299873	4	2.852040205127159	200.67862132118017	0.0	
583	0	474	245	2468.38691285638	1.0244625834974124	0.36646802509323056	0.18959999999984012	1.2140625834972525	0.6579945584041819	2469.6009754398774	16	2.0715526502951507	130.3162636500116	0.0	
582	0	5523	192	2465.45405822969	2.957710467495091	0.2727272727272727	2.2092000000001084	5.1669104674951996	2.684983194767818	2470.620968697185	8	7.974918841491295	554.6110026704672	0.0	
584	0	2427	5986	2470.75109083299	7.374987059021888	7.266708409708615	0.970800000000426	8.345787059022314	0.10827864931327279	2479.0968778920123	16	14.439936706239909	895.8284371283961	0.0	
585	0	17984	3911	2472.76364691452	6.509557058404182	6.1109375	5.994666666666733	12.504223725070915	0.39861955840418184	2485.267870639591	4	18.910802705127608	1342.190870425387	0.0	
586	0	662	211	2482.81319103492	2.695244926154755	0.32560264047784593	0.26479999999999615	2.960044926154751	2.369642285676909	2485.7732359610745	16	5.169200867078554	317.7282623285248	0.0	
587	0	7361	574	2488.34968501351	2.115807058404182	0.896875	2.4536666666668383	4.5694737250710205	1.218932058404182	2492.9191587385812	4	6.752852705127734	490.48274017539825	0.0	
589	0	1501	915	2490.43526343068	2.116503693726407	1.2766909535040432	0.600399999999774	2.716903693726181	0.8398127402223636	2493.1521671244063	12	4.530186648707261	291.6297255808745	0.0	
588	0	3384	3045	2490.03527332981	3.939563107972937	3.731852640477846	1.3535999999998225	5.2931631079727595	0.20771046749509095	2495.328436437783	16	8.715533594351074	568.162834846688	0.0	
595	0	549	2591	2517.70376365892	3.200708212868042	3.186179563554769	0.21959999999985236	3.4203082128678943	0.01452864931327278	2521.1240718717877	16	6.0247947831622986	367.1324632610269	0.0	
599	0	387	138	2524.37316925887	0.2531650129496364	0.19602272727272727	0.15479999999962563	0.407965012949262	0.05714228567690914	2524.781134271819	8	0.6414570233088963	43.790556524960834	0.0	
601	0	2502	1308	2530.99678413054	2.1025968311314545	1.8579545454545454	1.0007999999997947	3.103396831131249	0.24464228567690913	2534.1001809616714	8	4.9856342960363715	333.11551245679715	0.0	
602	0	320	878	2540.18469030211	1.4003367093715382	1.127285332785538	0.12800000000007694	1.5283367093716151	0.27305137658600004	2541.7130270114817	16	2.6742060768688614	164.0501340472398	0.0	
604	0	3477	1340	2545.73722101796	3.660835467495091	1.9034090909090908	1.3907999999999978	5.051635467495089	1.757426376586	2550.788856485455	8	8.258463841491162	542.2374994454553	0.0	
605	0	2799	638	2565.5235424432	1.5926536493132728	0.90625	1.119600000000152	2.712253649313425	0.6864036493132728	2568.2357960925133	8	4.210296568764074	291.1305944636537	0.0	
606	0	1013	3731	2590.33856164415	4.738514156923986	4.556371871247077	0.40520000000004774	5.143714156924034	0.18214228567690913	2595.482275801074	16	9.015565482463233	552.1211338900689	0.0	
607	0	8823	1563	2591.36907553693	2.790807058404182	2.4421875	2.940999999999592	5.731807058403774	0.34861955840418185	2597.1008825953336	4	8.552652705127038	615.2464378420027	0.0	
609	0	1067	3074	2592.8981605483	4.978680240840069	3.766708409708615	0.8536000000001218	5.832280240840191	1.2119718311314547	2598.73044078914	16	9.985944433512271	626.0311287715452	0.0	
608	0	4600	3082	2592.28980930334	5.909709186150649	4.098305536837376	2.2667541178313693	8.176463303982018	1.8114036493132728	2600.466272607322	12	13.357581476468813	877.6533945861258	0.0	
611	0	2798	144	2599.88135914463	0.8517445584041818	0.225	0.9326666666662893	1.7844112250704711	0.6267445584041819	2601.6657703697006	4	2.652340205127074	191.5369164878393	0.0	
612	0	2707	129	2610.57390594904	0.7954945584041818	0.2015625	0.9023333333335065	1.6978278917376883	0.5939320584041818	2612.271733840778	4	2.514690205127735	182.24314807123173	0.0	
619	0	2012	201	2626.62670887531	2.0315741038587274	0.28551136363636365	0.8048000000000886	2.836374103858816	1.7460627402223639	2629.463082979169	8	4.622593386945816	304.45355993410146	0.0	
622	0	4427	964	2654.6833661185	2.7773127402223636	1.3693181818181819	1.7707999999994044	4.548112740221768	1.407994558404182	2659.231478858722	8	7.1241229323995405	488.18987342266433	0.0	
623	0	732	5351	2665.33643179009	7.85987490584762	7.05273262017071	0.29280000000039674	8.152674905848016	0.8071422856769092	2673.489106695938	12	14.499134830526192	875.0999717188203	0.0	
629	0	274	815	2680.57455892029	2.4323180876658013	1.14648262017071	0.219200000000062	2.6515180876658633	1.2858354674950911	2683.226077007956	12	4.641212557798517	284.6113000119661	0.0	
628	0	6776	4116	2676.49026864087	5.566311359721189	5.019112255862462	3.7436606437289957	9.309972003450184	0.5471991038587273	2685.80024064432	16	14.511753219972935	999.3230848783393	0.0	
630	0	2915	1595	2681.14007376965	2.885267285676909	2.265625	2.0893427708115637	4.974610056488473	0.6196422856769092	2686.1146838261384	8	7.700692439192313	533.9696688534161	0.0	
633	0	4648	604	2686.48430429352	2.3177083333333335	1.5729166666666667	0.4647121857835068	2.7824205191168403	0.7447916666666666	2689.2667248126368	24	4.729529622940208	0.0	286.58931346903455	
636	0	1999	359	2688.07048231133	0.773051376586	0.5099431818181818	0.7995999999997817	1.5726513765857817	0.2631081947678182	2689.643133687916	8	2.351012477854538	168.80682611134122	0.0	
634	0	2276	1863	2687.24547518189	2.5018445765044057	2.311179563554769	0.91039999999983	3.4122445765042357	0.19066501294963642	2690.6577197583943	16	5.595800237707726	366.26692059738815	0.0	
639	0	4463	1648	2722.32432483742	3.6622559220405453	2.340909090909091	1.7851999999997172	5.4474559220402625	1.3213468311314547	2727.7717807594604	8	8.734300659672643	584.7244712158797	0.0	
642	0	8492	850	2746.44210785425	3.4869791666666665	2.2135416666666665	0.8491823872230575	4.336161553889724	1.2734375	2750.7782694081397	24	7.295581364667669	0.0	446.6246400506416	
643	0	13390	608	2747.35313190814	2.525	1.9	1.1157833333332747	3.6407833333332746	0.625	2750.993915241473	20	5.88393999999993	0.0	375.0006833333273	
640	0	7958	3325	2743.01898577084	6.398051376586	4.723011363636363	3.1831999999998963	9.581251376585897	1.6750400129496366	2752.600237147426	8	15.336332477854675	1028.4419415113534	0.0	
649	0	791	2029	2773.50083542315	2.8775001709099994	2.5106987943239996	0.31640000000018365	3.193900170910183	0.36680137658600004	2776.69473559406	16	5.55918030763822	342.83005044532814	0.0	
655	0	1091	23	2791.07816245642	0.3645833333333333	0.059895833333333336	0.10910000000027748	0.4736833333336108	0.3046875	2791.5518457897538	24	0.787170000000333	0.0	48.78938333336191	
654	0	1542	17	2790.90645128814	2.278833212868042	0.092429563554769	0.6167999999997367	2.8956332128677786	2.186403649313273	2793.802084501008	16	4.84205978316216	310.8143734360145	0.0	
656	0	1332	1876	2791.37757754844	2.825192140696104	2.5279930368373766	0.5328000000001927	3.3579921406962967	0.29719910385872733	2794.7355696891364	12	5.7247058532532185	360.4435183901998	0.0	
657	0	3290	677	2794.67688011211	1.7023834110035152	1.064275216235697	1.3159999999999543	3.0183834110034695	0.6381081947678182	2797.6952635231137	8	4.643490139806273	323.9902569537014	0.0	
653	0	12269	1989	2790.34767598044	3.709557058404182	3.1078125	4.089666666666806	7.799223725070988	0.6017445584041818	2798.146899705511	4	11.584802705127695	837.1608754253947	0.0	
659	0	4292	1169	2800.72550026847	1.837682058404182	1.8265625	1.4306666666664274	3.2683487250706094	0.01111955840418187	2803.9938489935407	4	5.024627705127241	350.82128380035414	0.0	
658	0	1029	5473	2798.66315817924	7.092207338742168	6.650121871247077	0.41159999999964025	7.503807338741808	0.442085467495091	2806.1669655179817	16	13.25989320973547	805.451175933207	0.0	
661	0	1032	4328	2806.75561613554	7.038448597483426	5.273919948170153	0.41280000000032846	7.451248597483755	1.7645286493132728	2814.206864733024	16	13.16456747547056	799.8095732053088	0.0	
665	0	285	893	2821.81151654299	2.367229191889021	1.1453141789393844	0.11399999999979382	2.481229191888815	1.2219150129496366	2824.2927457348787	16	4.39781254539999	266.3326602281535	0.0	
667	0	4504	395	2852.90477338847	1.1302083333333333	1.0286458333333333	0.4504000000003241	1.5806083333336574	0.1015625	2854.4853817218036	24	2.5748550000003885	0.0	162.8026583333667	
669	0	4127	936	2855.79645415977	2.912682058404182	1.4625	1.3756666666668638	4.288348725071046	1.450182058404182	2860.084802884841	4	6.893627705127765	460.307063800401	0.0	
668	0	4909	954	2855.16191013508	3.6849831947678187	1.3551136363636365	1.9635999999997065	5.648583194767525	2.329869558404182	2860.8104933298473	8	8.989289750581722	606.3132715431514	0.0	
672	0	3741	174	2863.1616417381	1.0416666666666665	0.453125	0.3740999999998471	1.4157666666665136	0.5885416666666666	2864.5774084047666	24	2.3239199999998164	0.0	145.8239666666509	
670	0	6457	1151	2861.50457402696	2.354869558404182	1.7984375	2.1523333333333245	4.507202891737506	0.5564320584041819	2866.0117769186977	4	6.821565205127516	483.7986511962122	0.0	
671	0	2943	2083	2862.88770020351	2.7250744716093003	2.575602640477846	1.1772000000001164	3.9022744716094167	0.1494718311314546	2866.7899746751195	16	6.317774048896879	418.86623950808314	0.0	
673	0	7315	790	2865.96127680615	3.333333333333333	2.0572916666666665	0.7314999999995662	4.064833333332899	1.2760416666666667	2870.026110139483	24	6.877799999999479	0.0	418.6778333332886	
674	0	6039	2192	2866.35754321246	4.417937740222364	3.1136363636363638	2.415599999999891	6.833537740222255	1.304301376586	2873.191080952682	8	10.851007932400124	733.5051074977166	0.0	
677	0	5130	1017	2877.12006541965	2.470494558404182	1.5890625	1.7100000000002797	4.180494558404462	0.8814320584041818	2881.3005599780545	4	6.498890205127864	448.73010540457653	0.0	
678	0	3975	2382	2882.381392365	4.351494926154755	2.934977640477846	1.5900000000002183	5.941494926154974	1.4165172856769093	2888.322887291155	16	9.740690867078822	637.7541238785487	0.0	
679	0	348	1945	2888.13635902842	2.6387545415393703	2.4097372558624612	0.13920000000028665	2.777954541539657	0.22901728567690913	2890.9143135699596	16	4.916798174771211	298.18286253432524	0.0	
680	0	842	395	2909.81889632047	1.5544771785748916	0.5996076201707098	0.3368000000000184	1.89127717857491	0.9548695584041819	2911.7101734990447	12	3.2022189214348273	203.00780107105226	0.0	
681	0	1431	118	2911.12549271986	0.4765625	0.3072916666666667	0.14309999999977663	0.6196624999997766	0.16927083333333334	2911.74515521986	24	1.029532499999732	0.0	63.82523749997699	
682	0	2063	1697	2913.3999413246	2.3932344366442657	2.1116603327855383	0.825200000000391	3.2184344366446567	0.28157410385872733	2916.618375761245	16	5.298061985960147	345.4635339950008	0.0	
684	0	376	1136	2924.78835204851	1.5229328632176922	1.437381486631692	0.1503999999999459	1.673332863217638	0.08555137658600005	2926.461684911728	16	2.921759153791781	179.61387620491806	0.0	
685	0	10532	242	2927.73131911124	1.4479166666666667	0.6302083333333334	1.0532000000001365	2.501116666666803	0.8177083333333334	2930.2324357779066	24	3.8700900000001637	0.0	257.61501666668073	
686	0	18696	2741	2938.14945778496	6.904869558404182	4.2828125	6.232000000000032	13.136869558404214	2.622057058404182	2951.286327343364	4	19.907165205127566	1410.09844152955	0.0	
693	0	475	244	2981.33313796187	1.784624296784126	0.3652661020163075	0.19000000000031503	1.974624296784441	1.4193581947678184	2983.3077622586543	16	3.440323734211805	211.9541973925451	0.0	
695	0	31	729	2985.85616122817	0.0	0	0.6199999999998909	0.6199999999998909	0	2986.47616122817	0	1.4259999999997488	0.0	0.0	
694	0	4564	1514	2982.54717708373	3.1413038655489696	2.2531956707811513	1.8256000000003145	4.966903865549284	0.8881081947678182	2987.514080949279	8	7.845066957988522	533.1424940241945	0.0	
697	0	4679	917	2986.42019843273	1.9111195584041818	1.4328125	1.5596666666665149	3.4707862250706967	0.47830705840418186	2989.890984657801	4	5.311615205127345	372.5507226128635	0.0	
698	0	1182	627	2989.92282095073	1.5653673300900433	0.9016909535040432	0.4727999999998478	2.038167330089891	0.6636763765860001	2991.96098828082	12	3.385021194161895	218.7748430445188	0.0	
699	0	5428	49	2990.54018886998	1.840807058404182	0.0765625	1.8093333333331134	3.6501403917372954	1.764244558404182	2994.190329261717	4	5.484652705127264	391.8024195086895	0.0	
702	0	1638	354	3008.69244284239	0.9889604674950909	0.5028409090909091	0.6552000000000213	1.6441604674951122	0.48611955840418186	3010.336603309885	8	2.5663688414911894	176.48254042045784	0.0	
703	0	5147	436	3017.25865266435	1.2734375	1.1354166666666667	0.5147000000001754	1.7881375000001754	0.13802083333333334	3019.04679016435	24	2.9098275000002105	0.0	184.17816250001806	
704	0	9648	2520	3021.42228449462	3.979869558404182	3.9375	3.215999999999774	7.195869558403956	0.04236955840418187	3028.6181540530238	4	11.022965205127257	772.3974425295222	0.0	
707	0	442	655	3054.2897473084	1.7871374086722376	0.8592564866316921	0.17680000000009888	1.9639374086723365	0.9278809220405455	3056.2536847170722	16	3.4290073356101463	210.8070775094799	0.0	
708	0	5789	1840	3054.92179878535	3.276744558404182	2.875	1.9296666666667694	5.206411225070951	0.4017445584041819	3060.128210010421	4	8.21374020512765	558.8509744878909	0.0	
709	0	12477	5740	3059.34137057739	8.88526728567691	8.153409090909092	4.990800000000071	13.876067285676982	0.7318581947678182	3073.217437863067	8	21.982441114218524	1489.4431863772816	0.0	
712	0	3320	1849	3073.54288061521	4.610017653427482	2.294352640477846	1.3279999999998413	5.938017653427323	2.3156650129496366	3079.4808982686372	16	9.891631776169278	637.3808769012354	0.0	
713	0	4024	3344	3080.74345260859	4.145529017063846	4.091227640477846	2.289527844086014	6.43505686114986	0.05430137658600005	3087.1785094697398	16	10.20938564361814	690.7325684189649	0.0	
714	0	5607	2943	3081.84649213965	7.134969602817316	3.917315953504043	2.9227999999998726	10.057769602817189	3.217653649313273	3091.904261742467	12	16.350305285071016	1079.5909313967943	0.0	
715	0	3829	4764	3084.37772907791	7.757426376585999	6.767045454545454	1.5315999999997532	9.289026376585753	0.9903809220405455	3093.6667554544956	8	15.801287477854503	997.0748022363381	0.0	
718	0	1933	5	3105.09733676551	0.875	0.013020833333333334	0.19329999999990832	1.0682999999999083	0.8619791666666666	3106.16563676551	24	1.80695999999989	0.0	110.03489999999056	
719	0	3362	109	3114.83897110635	1.1861195584041822	0.1703125	1.1206666666667546	2.306786225070937	1.015807058404182	3117.145757331421	4	3.4798152051276334	247.6081266128893	0.0	
721	0	7109	1324	3120.78412664164	3.328307058404182	2.06875	2.369666666666187	5.697973725070369	1.259557058404182	3126.4821003667103	4	8.834552705126953	611.6148016753284	0.0	
726	0	4985	146	3144.73183649374	0.5286458333333333	0.3802083333333333	0.4985000000003008	1.027145833333634	0.1484375	3145.7589823270737	24	1.549762500000361	0.0	105.79602083336431	
723	0	12902	4956	3136.12720387648	8.363960467495092	7.0397727272727275	5.429085028194875	13.793045495689967	1.3241877402223639	3149.92024937217	8	21.570030875325017	1480.5317104618653	0.0	
725	0	7468	4093	3143.88641288916	5.824126799787012	5.414711786837376	2.9871999999998993	8.811326799786912	0.4094150129496364	3152.697739688947	12	14.068068239616501	945.7990073623273	0.0	
727	0	130	2254	3161.08523020525	2.957591954126783	2.781131486631692	0.05200000000000715	3.0095919541267904	0.17646046749509095	3164.0948221593767	16	5.386065517428218	323.04659076401555	0.0	
729	0	5904	1661	3167.94317977338	2.7408070584041817	2.5953125	1.967999999999909	4.708807058404091	0.14549455840418185	3172.651986831784	4	7.295052705127418	505.4386408420367	0.0	
730	0	16261	764	3170.89299726787	3.0963541666666665	1.9895833333333333	1.6261000000002546	4.722454166666921	1.1067708333333333	3175.615451434537	24	7.524757500000305	0.0	486.41277916669287	
732	0	3064	1849	3173.56174832078	2.7776312897911186	2.294352640477846	1.2256000000004104	4.003231289791529	0.48327864931327275	3177.5649796105718	16	6.470456321624506	429.70284341493294	0.0	
734	0	7221	164	3211.5734400732	1.171875	0.4270833333333333	0.7220999999999549	1.893974999999955	0.7447916666666666	3213.4674150732	24	2.975894999999946	0.0	195.07942499999535	
740	0	1867	1502	3231.12150826495	2.1251447922112554	2.0410138701707097	0.7467999999999968	2.871944792211252	0.08413092204054551	3233.9934530571613	12	4.721420625980256	308.2716820511636	0.0	
742	0	1382	1995	3237.83684100846	3.1789643317491603	2.469833409708615	0.5528000000000581	3.7317643317492184	0.7091309220405455	3241.568605340209	16	6.385495797148558	400.56385160562934	0.0	
743	0	3272	1358	3242.20797616876	2.366801376586	1.9289772727272727	1.308800000000201	3.675601376586201	0.43782410385872733	3245.8835775453463	8	5.830802477855041	394.5353761613862	0.0	
745	0	4384	4547	3248.78093748842	6.303090205875034	5.5371411020163075	1.7536000000003495	8.056690205875384	0.7659491038587273	3256.8376276942954	16	13.44988237057548	864.7970700084578	0.0	
746	0	18376	1610	3257.66518811618	4.8828125	4.192708333333333	1.8375999999998385	6.7204124999998385	0.6901041666666666	3264.38560061618	24	10.994182499999805	0.0	692.2024874999834	
748	0	1784	1037	3262.91421415678	1.9891697513295803	1.3183911020163075	0.7136000000003442	2.7027697513299245	0.6707786493132728	3265.61698390811	16	4.436825552393658	290.1126023380028	0.0	
750	0	3779	4614	3269.09494120678	7.015721324756154	5.617669948170153	1.511599999999877	8.52732132475603	1.398051376586	3277.622262531536	16	14.44221838456093	915.3141436779875	0.0	
753	0	4422	538	3276.41748207547	1.5234375	1.4010416666666667	0.44219999999995707	1.965637499999957	0.12239583333333333	3278.38311957547	24	3.2728274999999485	0.0	202.46066249999558	
752	0	3027	1521	3275.06418548089	2.280153649313273	2.1605113636363638	1.3454714314763594	3.625625080789632	0.11964228567690915	3278.6898105616797	8	5.718842286535523	389.1709705468783	0.0	
754	0	5645	1213	3277.62443884645	2.400182058404182	1.8953125	1.8816666666664492	4.281848725070631	0.5048695584041819	3281.906287571521	4	6.578327705127267	459.60936030035646	0.0	
758	0	559	945	3280.1055751707	2.378592828252657	1.2078141789393844	0.2235999999998981	2.602192828252555	1.1707786493132728	3282.7077679989525	16	4.54978709085466	279.316775991801	0.0	
761	0	20	1361	3294.19519188331	0.0	0	0.40000000000009095	0.40000000000009095	0	3294.5951918833102	0	0.9200000000002091	0.0	0.0	
763	0	3853	622	3306.77899841427	1.75	1.6197916666666667	0.3852999999999156	2.1352999999999156	0.13020833333333334	3308.91429841427	24	3.6123599999998985	0.0	219.9358999999913	
766	0	6428	1306	3322.06331372527	2.345494558404182	1.8551136363636365	2.571199999999651	4.916694558403833	0.4903809220405455	3326.9800082836737	8	7.3073302051271085	527.753077204509	0.0	
765	0	12272	3027	3319.55090797062	5.379869558404182	4.7296875	4.090666666666464	9.470536225070646	0.6501820584041819	3329.0214441956905	4	14.592565205127283	1016.557887862858	0.0	
769	0	826	413	3330.31152137697	1.904619224029437	0.6230451201707098	0.3304000000002194	2.2350192240296565	1.2815741038587274	3332.546540601	12	3.8247946032532503	239.9047284881193	0.0	
768	0	3141	6387	3325.6338269459	8.358378667413497	7.748679563554769	1.2564000000002054	9.614778667413702	0.6096991038587273	3335.248605613314	16	16.552761601344542	1032.0407273815194	0.0	
773	0	781	798	3373.59116061177	1.5399783177631465	1.031131486631692	0.3123999999997946	1.8523783177629412	0.5088468311314546	3375.443538929533	16	3.1468409719734174	198.83243625035632	0.0	
774	0	3500	8193	3387.54659328943	10.257744926154755	9.919352640477847	1.4000000000001638	11.657744926154919	0.33839228567690915	3399.204338215585	16	20.143940867078754	1251.330682628543	0.0	
775	0	6356	89	3395.28168266999	3.609557058404182	0.1390625	2.118666666666438	5.72822372507062	3.470494558404182	3401.0099063950606	4	9.039602705127253	614.8618064253553	0.0	
776	0	2949	1545	3405.72991595674	3.0954853107701394	1.9289680250932304	1.17959999999987	4.2750853107700095	1.1665172856769093	3410.00500126751	16	6.987393559386096	458.8833821727421	0.0	
777	0	2281	102	3410.51549162702	1.1267445584041818	0.159375	0.7603333333334084	1.88707789173759	0.9673695584041818	3412.4025695187574	4	2.940540205127617	202.5570538212212	0.0	
782	0	5011	795	3433.72848577732	2.6650968311314545	1.1292613636363635	3.2084630746999165	5.873559905831371	1.5358354674950911	3439.6020456831516	8	8.647329985676517	630.4620467320335	0.0	
784	0	3304	1144	3434.62601334441	2.8024346114694403	1.4469968712470767	2.4475999999999054	5.250034611469346	1.3554377402223639	3439.876047955879	16	7.9815023006448795	563.5334651605081	0.0	
785	0	2091	89	3438.55739746801	1.148619558404182	0.1390625	0.696999999999814	1.845619558403996	1.009557058404182	3440.403017026414	4	2.9039152051273045	198.10695777952654	0.0	
786	0	316	185	3442.8905844451	0.4250400129496364	0.2627840909090909	0.1263999999999334	0.5514400129495698	0.1622559220405455	3443.4420244580497	8	0.9167520233092656	59.19101954999387	0.0	
788	0	4987	1175	3452.07988713349	2.267369558404182	1.8359375	1.662333333332997	3.929702891737179	0.43143205840418186	3456.009590025227	4	6.076065205127124	421.81037869617705	0.0	
787	0	6209	4239	3449.80664173994	5.4897160800009095	5.166948794324	2.4836000000001315	7.973316080001041	0.32276728567690915	3457.779957819941	16	12.861808944001794	855.8477747112318	0.0	
791	0	4506	1138	3461.76882002754	1.8861195584041819	1.778125	1.5019999999998324	3.3881195584040142	0.10799455840418187	3465.156939585944	4	5.197415205127326	363.6773652795285	0.0	
789	0	7646	3555	3457.20676848555	5.9946422856769095	5.049715909090909	3.0583999999999287	9.053042285676838	0.9449263765860001	3466.259810771227	8	14.46043611421835	971.7445059022662	0.0	
796	0	4062	553	3467.97895092671	1.7135416666666667	1.4401041666666667	0.4061999999997472	2.119741666666414	0.2734375	3470.098692593376	24	3.5718149999996966	0.0	218.33339166664064	
795	0	5434	1528	3467.4457045772	2.561119558404182	2.3875	1.811333333333157	4.372452891737339	0.17361955840418186	3471.8181574689374	4	6.783615205127316	469.33472094619424	0.0	
797	0	519	4938	3473.9321882419	6.133837583497413	6.007093025093231	0.20759999999986878	6.341437583497282	0.12674455840418186	3480.273625825397	16	11.290027650295187	680.6835687750147	0.0	
799	0	256	18	3486.35824726116	0.5612851359449649	0.09363148663169207	0.10240000000037819	0.6636851359453431	0.46765364931327275	3487.0219323971055	16	1.1331932447013906	71.23929880723718	0.0	
801	0	4191	431	3497.90228869555	1.359375	1.1223958333333333	0.4191000000000713	1.7784750000000713	0.23697916666666666	3499.68076369555	24	2.949795000000085	0.0	183.18292500000734	
802	0	3252	67	3501.67910416459	0.65625	0.17447916666666666	0.32520000000022264	0.9814500000002226	0.4817708333333333	3502.6605541645904	24	1.5714900000002672	0.0	101.08935000002293	
804	0	273	128	3510.46384102625	0.21623319476781824	0.18181818181818182	0.10919999999953808	0.3254331947673563	0.03441501294963641	3510.7892742210174	8	0.5202597505815185	34.93167369313326	0.0	
803	0	4650	1074	3506.94668485959	2.314244558404182	1.678125	1.5499999999999705	3.8642445584041525	0.6361195584041819	3510.810929417994	4	6.025640205127493	414.7841466545433	0.0	
807	0	10715	2892	3521.38400312847	5.597057058404182	4.51875	3.571666666667049	9.168723725071231	1.078307058404182	3530.552726853541	4	14.360702705127988	984.1616359254209	0.0	
810	0	2986	1104	3537.18074578397	2.182142285676909	1.5681818181818181	1.1943999999998964	3.3765422856768055	0.6139604674950909	3540.557288069647	8	5.361136114218312	362.4346724022626	0.0	
814	0	8348	798	3554.93093417497	2.6640625	2.078125	0.8348000000000866	3.4988625000000866	0.5859375	3558.42979667497	24	5.797072500000104	0.0	360.3828375000089	
812	0	939	2278	3554.7767246397	4.1810403807002094	2.809977640477846	0.7313303424472233	4.912370723147433	1.3710627402223639	3559.6890953628476	16	8.403469096197044	527.2889610519222	0.0	
813	0	3222	2253	3554.82610305907	6.277412758322587	2.779929563554769	1.644800000000398	7.922212758322985	3.497483194767818	3562.748315817393	16	13.273102964981135	850.3623952656309	0.0	
817	0	6926	186	3567.00851623401	2.419270833333333	0.484375	0.6926000000000085	3.1118708333333416	1.9348958333333333	3570.1203870673435	24	5.18580750000001	0.0	320.5226958333342	
819	0	15537	507	3578.28499905802	1.7057291666666667	1.3203125	1.5536999999997836	3.2594291666664503	0.3854166666666667	3581.5444282246863	24	4.934752499999741	0.0	335.7212041666444	
820	0	245	1373	3584.37466580551	1.8830727233575522	1.7222372558624612	0.09800000000000408	1.9810727233575562	0.16083546749509095	3586.3557385288677	16	3.5071309020435986	212.64636505247674	0.0	
823	0	7252	1622	3590.42531000678	2.7204945584041815	2.534375	2.4173333333335614	5.137827891737743	0.18611955840418187	3595.5631378985177	4	7.7976902051278	551.4893080712376	0.0	
