Task_ID	Task_Type	Task_Lenght	TaskInputType	TaskStartTime	NetworkDelay	Uploading Delay	ExecutionDelay	ServiceTime	Downloading Delay	EndTime	offloadingPlace	IoTenergy	EdgeEnergy	CloudEnergy	
8	1	1497	4207	50.3281563140724	6.021630922040545	5.9758522727272725	0.5987999999999953	6.620430922040541	0.04577864931327278	56.94858723611294	Edge2	11.557495659672977	710.6304347409095	0.0	
19	0	2058	866	83.2812027717564	1.5685059220405457	1.2301136363636365	0.8231999999999977	2.3917059220405434	0.33839228567690915	85.67290869379694	Edge2	3.8111506596729794	256.72332196590986	0.0	
32	2	212	171	127.494315400696	0.24606274022236369	0.24289772727272727	0.08480000000000837	0.33086274022237205	0.0031650129496364164	127.82517814091837	Edge2	0.5446729324002647	35.51447567272919	0.0	
34	0	624	52	133.627866363902	0.3724831947678182	0.07386363636363637	0.24959999999996407	0.6220831947677823	0.29861955840418186	134.24994955866978	Edge2	0.9699897505820296	66.77378804317898	0.0	
42	3	258	1	170.241740460484	0.7304377402223637	0.0014204545454545455	0.20640000000002334	0.9368377402223871	0.7290172856769092	171.1785782007064	Edge2	1.5624679324002826	100.55922619773081	0.0	
46	0	5566	2515	177.07192371506	3.764528649313273	3.5724431818181817	2.226400000000031	5.990928649313304	0.19208546749509095	183.0628523643733	Edge2	9.44783156876393	643.0602902886407	0.0	
59	3	313	138	228.29849129137	0.4364036493132728	0.19602272727272727	0.12519999999999687	0.5616036493132697	0.2403809220405455	228.86009494068327	Edge2	0.9357665687638873	60.281974113637055	0.0	
60	2	165	77	232.020147315484	0.1182218311314546	0.109375	0.06599999999999792	0.18422183113145252	0.008846831131454598	232.20436914661545	Edge2	0.2919992960366158	19.77418713181898	0.0	
65	0	6251	1347	254.878486878619	3.6750400129496366	1.9133522727272727	2.500400000000042	6.175440012949679	1.7616877402223639	261.05392689156866	Edge2	9.615552023309396	662.8655555500055	0.0	
67	0	897	307	264.113428876286	0.9719150129496363	0.43607954545454547	0.3587999999999745	1.3307150129496108	0.5358354674950909	265.4441438892356	Edge2	2.1800070233093147	142.83761877499828	0.0	
79	1	3695	1201	319.946246194543	1.7645286493132728	1.7059659090909092	2.056139372610052	3.820668021923325	0.058562740222363685	323.7669142164663	Edge2	5.643518815895954	410.10668480522776	0.0	
87	0	2125	1161	345.69178173234	1.8927243200944244	1.751775216235697	0.8499999999999719	2.7427243200943963	0.1409491038587273	348.4345060524344	Edge2	4.42690377616993	294.4012857946124	0.0	
89	0	16716	5835	349.500511442078	10.622483194767819	8.288352272727273	6.686399999999997	17.308883194767816	2.3341309220405457	366.8093946368458	Edge2	27.144149750582073	1857.9182132431827	0.0	
94	0	6847	3885	369.643613240995	6.017369558404182	5.518465909090909	2.738800000000042	8.756169558404224	0.49890364931327275	378.39978279939925	Edge2	14.117825205127577	939.878484229551	0.0	
99	1	3514	2345	383.424357210409	3.4023127402223636	3.330965909090909	1.405600000000014	4.807912740222378	0.0713468311314546	388.2322699506314	Edge2	7.810882932400272	516.0765456227298	0.0	
102	0	3094	1893	406.875235696089	2.6991877402223636	2.6889204545454546	1.2375999999999507	3.9367877402223144	0.010267285676909143	410.81202343631134	Edge2	6.343657932400196	422.570859247723	0.0	
107	0	4829	540	413.713264972327	1.8881081947678184	0.7670454545454546	1.9316000000000086	3.819708194767827	1.1210627402223639	417.53297316709484	Edge2	5.716514750582084	410.00365791818376	0.0	
110	0	4739	786	444.949751592877	3.3085627402223636	1.1164772727272727	1.8955999999999662	5.20416274022233	2.192085467495091	450.15391433309935	Edge2	8.230132932400213	558.6096243727246	0.0	
122	1	10186	7977	469.734954540533	11.37674455840418	11.330965909090908	4.074400000000043	15.451144558404224	0.04577864931327278	485.18609909893723	Edge2	25.367420205127576	1658.510405754551	0.0	
140	0	6000	3942	529.0017613772	5.731858194767819	5.599431818181818	2.3999999999999826	8.131858194767801	0.13242637658600004	537.1336195719678	Edge2	13.197344750582053	872.865526768181	0.0	
147	1	4032	2662	585.904325017112	3.9562900129496366	3.78125	1.6127999999999365	5.569090012949573	0.17504001294963642	591.4734150300616	Edge2	9.05668202330927	597.7805528999942	0.0	
153	0	5462	904	598.946883430635	1.7190741038587274	1.2840909090909092	2.1847999999999703	3.9038741038586977	0.4349831947678182	602.8507575344937	Edge2	5.716093386945674	419.03794243408873	0.0	
158	1	1221	805	622.305390196792	1.1508922856769093	1.1434659090909092	0.48839999999987893	1.6392922856767882	0.0074263765860000525	623.9446824824688	Edge2	2.6576861142182913	175.95999465226078	0.0	
164	0	2625	1170	658.656598957157	2.155153649313273	1.6619318181818181	1.0609520095026044	3.216105658815877	0.49322183113145457	661.8727046159729	Edge2	5.152418980167016	345.2135653116374	0.0	
167	2	133	177	662.130852747687	0.25742637658600004	0.25142045454545453	0.1064000000000756	0.36382637658607564	0.0060059220405455065	662.494679124273	Edge2	0.5910474778548909	39.052759436372774	0.0	
174	0	342	169	698.455471432018	0.44634683113145457	0.24005681818181818	0.13679999999998926	0.5831468311314438	0.20629001294963642	699.0386182631495	Edge2	0.9675842960366053	62.59439770681805	0.0	
178	0	6553	1433	710.502850673565	3.5258922856769095	2.0355113636363638	3.4555365148861847	6.981428800563094	1.4903809220405455	717.4842794741281	Edge2	10.49324993208186	749.379586023642	0.0	
181	0	299	36	717.69667007897	0.29577864931327275	0.05113636363636364	0.23920000000002967	0.5349786493133024	0.24464228567690913	718.2316487282833	Edge2	0.8194415687639266	57.42407323864057	0.0	
191	2	42	162	761.019221753373	0.23327864931327277	0.23011363636363635	0.016799999999922682	0.25007864931319546	0.0031650129496364164	761.2693004026862	Edge2	0.4400615687637982	26.843192138629085	0.0	
194	1	4443	2860	767.459069559307	4.207710467495091	4.0625	1.7771999999999784	5.9849104674950695	0.14521046749509095	773.443980026802	Edge2	9.706518841491139	642.4143046704532	0.0	
201	2	139	163	780.357273820143	0.23611955840418186	0.2315340909090909	0.05560000000004284	0.2917195584042247	0.004585467495090962	780.6489933785472	Edge2	0.4917352051275788	31.312885679551073	0.0	
204	0	1045	167	808.029826298341	0.8554377402223636	0.2372159090909091	0.41799999999997084	1.2734377402223345	0.6182218311314546	809.3032640385634	Edge2	2.0413879324002195	136.68953359772516	0.0	
215	0	6481	2798	847.8902464522	4.023051376586	3.9744318181818183	2.5924000000000653	6.615451376586066	0.04861955840418187	854.5056978287861	Edge2	10.35237247785488	710.0959353113717	0.0	
230	0	2230	898	915.017995183204	1.741801376586	1.2755681818181819	1.150000000000045	2.891801376586045	0.4662331947678182	917.90979655979	Edge2	4.515242477854854	310.4030679613695	0.0	
236	0	5702	2048	926.243182496426	3.291517285676909	2.909090909090909	2.2807999999999224	5.5723172856768315	0.38242637658600004	931.8154997821028	Edge2	8.661691114218343	598.1269651272654	0.0	
238	0	2051	1034	937.01396296575	1.5841309220405455	1.46875	0.820399999999976	2.4045309220405215	0.11538092204054551	939.4184938877905	Edge2	3.835915659672953	258.09994464090755	0.0	
241	0	3487	151	957.622583957563	1.9733354674950911	0.21448863636363635	1.394800000000017	3.368135467495108	1.7588468311314547	960.9907194250582	Edge2	5.225763841491185	361.5322929454574	0.0	
246	0	3868	930	976.599852554024	3.409415012949636	1.3210227272727273	1.547200000000033	4.956615012949669	2.088392285676909	981.5564675669737	Edge2	7.993587023309384	532.0380988750045	0.0	
259	0	346	216	1039.19078494124	0.3739036493132728	0.3068181818181818	0.1384000000002077	0.5123036493134805	0.06708546749509096	1039.7030885905535	Edge2	0.8391065687641404	54.990161413659685	0.0	
265	2	302	192	1084.83774587922	0.2758922856769091	0.2727272727272727	0.12079999999995422	0.3966922856768633	0.0031650129496364164	1085.2344381648968	Edge2	0.6415661142183814	42.58055325226883	0.0	
290	0	2975	1429	1178.78558757688	2.579869558404182	2.0298295454545454	1.1900000000000706	3.7698695584042525	0.5500400129496364	1182.5554571352843	Edge2	6.071765205127612	404.65402852955407	0.0	
292	0	1925	352	1182.32264693649	1.5503947746398787	0.6026274889629696	0.7700000000000293	2.320394774639908	0.9477672856769092	1184.6430417111299	Edge2	3.714710594351817	249.0688547150731	0.0	
295	3	180	74	1214.5848687671	0.21055137658600007	0.10511363636363637	0.07200000000007048	0.28255137658607055	0.1054377402223637	1214.867420143686	Edge2	0.4653924778548847	30.328782211372225	0.0	
297	0	933	407	1224.09703991154	0.8753241038587274	0.578125	0.3731999999999718	1.2485241038586992	0.29719910385872733	1225.3455640153986	Edge2	2.0234233869456757	134.01532878408892	0.0	
306	3	82	7	1266.62646569229	0.24890364931327277	0.009943181818181818	0.03280000000011277	0.28170364931338554	0.23896046749509095	1266.9081693416033	Edge2	0.48738656876402636	30.23778801364949	0.0	
310	0	2260	1157	1295.02842673766	1.782994558404182	1.6434659090909092	2.4172000000001095	4.2001945584042915	0.13952864931327277	1299.2286212960644	Edge2	6.110030205127659	450.84468370455824	0.0	
311	0	4106	337	1297.77487162642	1.9605513765860003	0.4786931818181818	3.17232783851291	5.13287921509891	1.4818581947678184	1302.907750841519	Edge2	7.335785884070292	550.9581220695019	0.0	
314	0	3826	1726	1305.82944162451	2.966233194767818	2.4517045454545454	2.4820662015628217	5.44829939633064	0.5145286493132728	1311.2777410208407	Edge2	8.317699192457459	584.8150089027346	0.0	
325	0	5104	2246	1346.59311296048	4.186403649313273	3.190340909090909	2.0416000000001775	6.22800364931345	0.9960627402223636	1352.8211166097935	Edge2	9.985446568764104	668.5076837136564	0.0	
327	2	539	198	1361.56540000331	0.29151728567690915	0.28125	0.21560000000003166	0.5071172856769408	0.010267285676909143	1362.072517288987	Edge2	0.7834511142184746	54.43346232727715	0.0	
331	0	3494	1649	1373.72665771169	2.963392285676909	2.3423295454545454	3.3528000000001525	6.316192285677062	0.6210627402223636	1380.042849997367	Edge2	9.35746611421862	677.9737637522901	0.0	
345	0	2700	1131	1441.66197689643	2.050040012949636	1.6065340909090908	1.0799999999997576	3.1300400129493937	0.4435059220405455	1444.7920169093793	Edge2	4.986072023309054	335.97536494997496	0.0	
347	0	2836	1681	1445.93231577502	2.420778649313273	2.387784090909091	1.1343999999998475	3.5551786493131203	0.03299455840418187	1449.4874944243331	Edge2	5.718681568763708	381.60932103862103	0.0	
356	0	2897	757	1502.0694732458	2.1835627402223636	1.0752840909090908	1.1587999999997791	3.3423627402221427	1.1082786493132728	1505.4118359860222	Edge2	5.3209729323999895	358.76587417270457	0.0	
369	1	1506	1443	1548.77680477175	2.0699263765860003	2.049715909090909	0.6024000000001699	2.6723263765861702	0.020210467495090964	1551.4491311483362	Edge2	4.4487474778550045	286.8448409363829	0.0	
375	3	117	34	1573.1184087577	0.5713468311314547	0.048295454545454544	0.04680000000007101	0.6181468311315257	0.5230513765860001	1573.7365555888316	Edge2	1.0845842960367038	66.35126270682683	0.0	
376	1	1203	852	1579.25676625504	1.2190741038587274	1.2102272727272727	0.481199999999919	1.7002741038586464	0.008846831131454598	1580.9570403588987	Edge2	2.7717733869456125	182.50572203408325	0.0	
384	2	188	95	1614.90091694686	0.1494718311314546	0.13494318181818182	0.07519999999999069	0.2246718311314453	0.01452864931327278	1615.1255887779914	Edge2	0.3592892960366071	24.116049681818204	0.0	
388	3	124	104	1622.94638994408	0.36964228567690915	0.14772727272727273	0.04960000000009168	0.41924228567700084	0.22191501294963642	1623.365632229757	Edge2	0.7248761142185466	45.00104770228359	0.0	
395	1	16028	8400	1646.34797888823	11.990380922040545	11.931818181818182	8.191817994952684	20.18219891699323	0.058562740222363685	1666.5301778052233	Edge2	31.412867253616206	2166.3370495511363	0.0	
408	0	6998	3279	1685.80362768844	5.351176376585999	4.657670454545454	2.7991999999998827	8.150376376585882	0.6935059220405455	1693.9540040650259	Edge2	12.991157477854657	874.8532498863519	0.0	
411	1	3106	3183	1694.18201989828	4.550040012949637	4.521306818181818	1.2423999999999182	5.792440012949555	0.028733194767818236	1699.9744599112296	Edge2	9.680952023309247	621.7547185499923	0.0	
415	0	8321	3693	1719.01170202989	5.3696422856769095	5.245738636363637	3.328400000000138	8.698042285677047	0.12390364931327279	1727.7097443155671	Edge2	13.659436114218602	933.6391609022886	0.0	
426	0	8074	1851	1768.58862792661	6.819926376586	2.6292613636363638	3.4021237162909976	10.222050092876998	4.190665012949636	1778.8106780194869	Edge2	16.358415937403997	1097.224634919324	0.0	
430	0	3567	1153	1783.82771173659	2.6793013765860003	1.6377840909090908	1.4267999999999113	4.106101376585912	1.0415172856769093	1787.9338131131758	Edge2	6.534902477854694	440.7448156613552	0.0	
431	0	2383	1025	1800.27314727182	1.9633922856769093	1.4559659090909092	0.953199999999961	2.9165922856768702	0.5074263765860001	1803.189739557497	Edge2	4.67794611421839	313.0640993522696	0.0	
441	3	105	83	1825.84156199612	0.44101977463987874	0.2205252162356969	0.041999999999963844	0.4830197746398426	0.22049455840418186	1826.3245817707598	Edge2	0.8442355943517383	51.84685959006606	0.0	
442	3	75	76	1826.27408240508	0.5290879564580606	0.21058203441751508	0.02999999999985481	0.5590879564579154	0.3185059220405455	1826.833170361538	Edge2	0.9883583216243349	60.01194215823618	0.0	
443	3	496	451	1827.7108283983	1.2872559220405455	0.640625	0.1983999999999051	1.4856559220404506	0.6466309220405455	1829.1964843203405	Edge2	2.555140659672868	159.46882101589992	0.0	
445	0	1265	433	1832.20053992695	0.8511763765860001	0.6150568181818182	1.0119999999998976	1.8631763765858977	0.23611955840418186	1834.0637163035358	Edge2	2.7465174778546775	199.99148908635368	0.0	
460	0	3998	634	1888.57281085558	2.2304377402223636	0.9005681818181818	1.599200000000188	3.8296377402225517	1.329869558404182	1892.4024485958025	Edge2	5.93382793240048	411.06948539774845	0.0	
462	0	3554	705	1893.186593191	1.8483354674950911	1.0014204545454546	1.421599999999997	3.2699354674950882	0.8469150129496364	1896.456528658495	Edge2	5.032923841491161	350.99160314545526	0.0	
469	0	2355	678	1959.94128663297	1.9690741038587274	0.9630681818181818	0.941999999999982	2.9110741038587093	1.0060059220405455	1962.8523607368288	Edge2	4.674733386945688	312.47178323409	0.0	
483	0	5938	2628	2030.14523979581	4.145210467495091	3.7329545454545454	2.375199999999821	6.520410467494912	0.4122559220405455	2036.665650263305	Edge2	10.311618841490949	699.8943391704364	0.0	
486	1	2711	1972	2059.72638487334	2.8355513765860003	2.8011363636363638	1.0844000000001408	3.919951376586141	0.03441501294963641	2063.646336249926	Edge2	6.40527247785497	420.7636608113798	0.0	
489	0	523	228	2078.69527795231	0.36822183113145457	0.32386363636363635	0.2091999999997779	0.5774218311312325	0.04435819476781823	2079.272699783441	Edge2	0.9138392960363517	61.97988193179536	0.0	
500	0	1128	570	2137.33096547117	0.8582786493132728	0.8096590909090909	0.45119999999967764	1.3094786493129504	0.04861955840418187	2138.640444120483	Edge2	2.0863415687635043	140.5581287386028	0.0	
504	2	192	144	2153.85566511488	0.20771046749509098	0.20454545454545456	0.07679999999969239	0.28451046749478337	0.0031650129496364164	2154.140175582375	Edge2	0.46603884149079466	30.539069070422553	0.0	
507	0	2540	919	2159.43823932884	1.6338468311314547	1.3053977272727273	1.0160000000000717	2.6498468311315264	0.32844910385872733	2162.0880861599717	Edge2	4.160124296036704	284.4319090068269	0.0	
509	0	6301	3298	2162.29644459409	4.699187740222364	4.684659090909091	3.073903821208283	7.773091561430647	0.01452864931327278	2170.069536155521	Edge2	12.147222517850194	834.3558751124042	0.0	
521	0	5777	1479	2205.86864992167	3.926460467495091	2.100852272727273	2.3108000000005253	6.2372604674956165	1.8256081947678184	2212.1059103891657	Edge2	9.840588841491794	669.501301320512	0.0	
529	3	763	178	2222.2550413524	1.639528649313273	0.2528409090909091	0.6104000000001875	2.2499286493134605	1.3866877402223639	2224.5049700017134	Edge2	3.6836315687641163	241.50509128865752	0.0	
532	0	3225	1586	2233.56623705781	2.338392285676909	2.252840909090909	1.2900000000000005	3.6283922856769095	0.08555137658600005	2237.194629343487	Edge2	5.757106114218438	389.4679995522738	0.0	
534	0	2275	802	2254.43438021465	1.2560059220405455	1.1392045454545454	0.9099999999997672	2.1660059220403127	0.11680137658600005	2256.6003861366903	Edge2	3.352810659672702	232.4969096658851	0.0	
538	1	2327	1574	2269.33845358095	2.450608194767818	2.2357954545454546	0.9308000000002097	3.381408194768028	0.21481274022236369	2272.719861775718	Edge2	5.528054750582324	362.95697421820535	0.0	
544	0	3269	1459	2295.09779050185	2.888108194767818	2.0724431818181817	1.3075999999997578	4.195708194767576	0.8156650129496364	2299.2934986966175	Edge2	6.767714750581782	450.3631219181568	0.0	
551	0	3973	2027	2327.64382646769	3.258846831131455	2.8792613636363638	1.5891999999998867	4.848046831131342	0.379585467495091	2332.4918732988212	Edge2	7.772964296036482	520.3844988068071	0.0	
556	0	8028	2743	2351.34070320219	6.613960467495091	3.8963068181818183	3.211200000000516	9.825160467495607	2.717653649313273	2361.1658636696857	Edge2	15.758568841491783	1054.622899420511	0.0	
559	3	870	31	2361.55217250712	1.986119558404182	0.04403409090909091	0.7365051542904144	2.7226247126945964	1.9420854674950911	2364.2747972198144	Edge2	4.458821390276025	292.24381403592525	0.0	
562	1	774	599	2382.2932531768	0.9193581947678182	0.8508522727272727	0.3096000000001653	1.2289581947679835	0.06850592204054551	2383.522211371568	Edge2	2.026364750582271	131.91514366820059	0.0	
565	0	7971	3239	2391.76584050737	6.250324103858727	4.6008522727272725	3.188400000000204	9.438724103858931	1.6494718311314547	2401.2045646112288	Edge2	15.076663386945953	1013.1432065841137	0.0	
582	0	5523	192	2465.45405822969	2.957710467495091	0.2727272727272727	2.2092000000001084	5.1669104674951996	2.684983194767818	2470.620968697185	Edge2	7.974918841491295	554.6110026704672	0.0	
590	2	95	92	2499.49815953793	0.1338468311314546	0.13068181818181818	0.038000000000006334	0.17184683113146093	0.0031650129496364164	2499.6700063690614	Edge2	0.2865242960366259	18.445867006819885	0.0	
594	1	550	187	2516.22549005097	0.5997559220405455	0.265625	0.21999999999971265	0.8197559220402582	0.3341309220405455	2517.0452459730104	Edge2	1.343560659672637	87.99178091587927	0.0	
599	0	387	138	2524.37316925887	0.2531650129496364	0.19602272727272727	0.15479999999962563	0.407965012949262	0.05714228567690914	2524.781134271819	Edge2	0.6414570233088963	43.790556524960834	0.0	
601	0	2502	1308	2530.99678413054	2.1025968311314545	1.8579545454545454	1.0007999999997947	3.103396831131249	0.24464228567690913	2534.1001809616714	Edge2	4.9856342960363715	333.11551245679715	0.0	
604	0	3477	1340	2545.73722101796	3.660835467495091	1.9034090909090908	1.3907999999999978	5.051635467495089	1.757426376586	2550.788856485455	Edge2	8.258463841491162	542.2374994454553	0.0	
605	0	2799	638	2565.5235424432	1.5926536493132728	0.90625	1.119600000000152	2.712253649313425	0.6864036493132728	2568.2357960925133	Edge2	4.210296568764074	291.1305944636537	0.0	
610	1	534	2016	2596.99170738297	2.9591309220405457	2.8636363636363638	0.21359999999995471	3.1727309220405004	0.09549455840418188	2600.1644383050107	Edge2	5.5827556596729275	340.55776444090526	0.0	
616	2	41	79	2622.34928832154	0.11538092204054551	0.11221590909090909	0.016399999999888726	0.13178092204043423	0.0031650129496364164	2622.4810692435804	Edge2	0.22736565967284839	14.14523239089817	0.0	
619	0	2012	201	2626.62670887531	2.0315741038587274	0.28551136363636365	0.8048000000000886	2.836374103858816	1.7460627402223639	2629.463082979169	Edge2	4.622593386945816	304.45355993410146	0.0	
622	0	4427	964	2654.6833661185	2.7773127402223636	1.3693181818181819	1.7707999999994044	4.548112740221768	1.407994558404182	2659.231478858722	Edge2	7.1241229323995405	488.18987342266433	0.0	
625	3	248	90	2668.69428575665	0.3753241038587273	0.1278409090909091	0.09920000000031204	0.4745241038590393	0.24748319476781822	2669.168809860509	Edge2	0.7946233869460835	50.93494278412542	0.0	
630	0	2915	1595	2681.14007376965	2.885267285676909	2.265625	2.0893427708115637	4.974610056488473	0.6196422856769092	2686.1146838261384	Edge2	7.700692439192313	533.9696688534161	0.0	
636	0	1999	359	2688.07048231133	0.773051376586	0.5099431818181818	0.7995999999997817	1.5726513765857817	0.2631081947678182	2689.643133687916	Edge2	2.351012477854538	168.80682611134122	0.0	
638	3	121	11	2717.34938031692	0.1054377402223637	0.015625	0.048400000000206875	0.15383774022257057	0.0898127402223637	2717.5032180571425	Edge2	0.2478679324005029	16.512789197750504	0.0	
639	0	4463	1648	2722.32432483742	3.6622559220405453	2.340909090909091	1.7851999999997172	5.4474559220402625	1.3213468311314547	2727.7717807594604	Edge2	8.734300659672643	584.7244712158797	0.0	
640	0	7958	3325	2743.01898577084	6.398051376586	4.723011363636363	3.1831999999998963	9.581251376585897	1.6750400129496366	2752.600237147426	Edge2	15.336332477854675	1028.4419415113534	0.0	
651	1	3384	1709	2781.82360357472	2.4378241038587274	2.4275568181818183	1.353600000000117	3.7914241038588443	0.010267285676909143	2785.615027678579	Edge2	6.0124033869458495	406.9676718841045	0.0	
657	0	3290	677	2794.67688011211	1.7023834110035152	1.064275216235697	1.3159999999999543	3.0183834110034695	0.6381081947678182	2797.6952635231137	Edge2	4.643490139806273	323.9902569537014	0.0	
662	1	2242	1668	2807.11284744641	2.3923695584041815	2.3693181818181817	0.8967999999997738	3.2891695584039553	0.023051376586000052	2810.402017004814	Edge2	5.382425205127255	353.05617122952214	0.0	
668	0	4909	954	2855.16191013508	3.6849831947678187	1.3551136363636365	1.9635999999997065	5.648583194767525	2.329869558404182	2860.8104933298473	Edge2	8.989289750581722	606.3132715431514	0.0	
674	0	6039	2192	2866.35754321246	4.417937740222364	3.1136363636363638	2.415599999999891	6.833537740222255	1.304301376586	2873.191080952682	Edge2	10.851007932400124	733.5051074977166	0.0	
675	3	416	284	2876.02876695155	0.4165172856769091	0.4034090909090909	0.16640000000010374	0.5829172856770128	0.013108194767818234	2876.611684237227	Edge2	0.9494111142185608	62.56975852728488	0.0	
692	2	17	13	2978.60013480155	0.02163092204054551	0.018465909090909092	3.07980335324501	3.1014342752855555	0.0031650129496364164	2981.7015690768358	Edge2	3.734699683566994	332.9048536748762	0.0	
694	0	4564	1514	2982.54717708373	3.1413038655489696	2.2531956707811513	1.8256000000003145	4.966903865549284	0.8881081947678182	2987.514080949279	Edge2	7.845066957988522	533.1424940241945	0.0	
700	2	103	228	2993.29475810301	0.332710467495091	0.32386363636363635	0.041199999999988524	0.3739104674950795	0.008846831131454598	2993.668668570505	Edge2	0.64831884149115	40.13517567045434	0.0	
702	0	1638	354	3008.69244284239	0.9889604674950909	0.5028409090909091	0.6552000000000213	1.6441604674951122	0.48611955840418186	3010.336603309885	Edge2	2.5663688414911894	176.48254042045784	0.0	
705	1	1171	546	3027.32149619136	0.7858354674950909	0.7755681818181818	0.468400000000073	1.254235467495164	0.010267285676909143	3028.575731658855	Edge2	1.976583841491251	134.6283808454634	0.0	
709	0	12477	5740	3059.34137057739	8.88526728567691	8.153409090909092	4.990800000000071	13.876067285676982	0.7318581947678182	3073.217437863067	Edge2	21.982441114218524	1489.4431863772816	0.0	
715	0	3829	4764	3084.37772907791	7.757426376585999	6.767045454545454	1.5315999999997532	9.289026376585753	0.9903809220405455	3093.6667554544956	Edge2	15.801287477854503	997.0748022363381	0.0	
723	0	12902	4956	3136.12720387648	8.363960467495092	7.0397727272727275	5.429085028194875	13.793045495689967	1.3241877402223639	3149.92024937217	Edge2	21.570030875325017	1480.5317104618653	0.0	
743	0	3272	1358	3242.20797616876	2.366801376586	1.9289772727272727	1.308800000000201	3.675601376586201	0.43782410385872733	3245.8835775453463	Edge2	5.830802477855041	394.5353761613862	0.0	
749	1	4253	2574	3264.07733530123	3.682142285676909	3.65625	1.7012000000000085	5.3833422856769175	0.025892285676909144	3269.460677586907	Edge2	8.669296114218445	577.8425776022747	0.0	
752	0	3027	1521	3275.06418548089	2.280153649313273	2.1605113636363638	1.3454714314763594	3.625625080789632	0.11964228567690915	3278.6898105616797	Edge2	5.718842286535523	389.1709705468783	0.0	
759	2	155	140	3288.73867236106	0.2062900129496364	0.19886363636363635	0.06199999999972822	0.2682900129493646	0.0074263765860000525	3289.006962374009	Edge2	0.44572202330901933	28.797981699971846	0.0	
766	0	6428	1306	3322.06331372527	2.345494558404182	1.8551136363636365	2.571199999999651	4.916694558403833	0.4903809220405455	3326.9800082836737	Edge2	7.3073302051271085	527.753077204509	0.0	
782	0	5011	795	3433.72848577732	2.6650968311314545	1.1292613636363635	3.2084630746999165	5.873559905831371	1.5358354674950911	3439.6020456831516	Edge2	8.647329985676517	630.4620467320335	0.0	
786	0	316	185	3442.8905844451	0.4250400129496364	0.2627840909090909	0.1263999999999334	0.5514400129495698	0.1622559220405455	3443.4420244580497	Edge2	0.9167520233092656	59.19101954999387	0.0	
789	0	7646	3555	3457.20676848555	5.9946422856769095	5.049715909090909	3.0583999999999287	9.053042285676838	0.9449263765860001	3466.259810771227	Edge2	14.46043611421835	971.7445059022662	0.0	
794	2	74	132	3466.41430955797	0.1935059220405455	0.1875	0.029599999999758486	0.223105922040304	0.0060059220405455065	3466.63741548001	Edge2	0.3838306596726921	23.94796656588419	0.0	
800	1	3489	1701	3495.94809300499	2.419358194767818	2.4161931818181817	1.395599999999496	3.814958194767314	0.0031650129496364164	3499.7630511997572	Edge2	6.029564750581468	409.4937976681287	0.0	
804	0	273	128	3510.46384102625	0.21623319476781824	0.18181818181818182	0.10919999999953808	0.3254331947673563	0.03441501294963641	3510.7892742210174	Edge2	0.5202597505815185	34.93167369313326	0.0	
810	0	2986	1104	3537.18074578397	2.182142285676909	1.5681818181818181	1.1943999999998964	3.3765422856768055	0.6139604674950909	3540.557288069647	Edge2	5.361136114218312	362.4346724022626	0.0	
811	2	17	75	3540.67408747447	0.1182218311314546	0.10653409090909091	16.806080714799005	16.92430254593046	0.011687740222363689	3557.5983900204005	Edge2	20.380096153795424	1816.6377109776295	0.0	
816	3	462	86	3563.96316769746	0.4378241038587273	0.12215909090909091	0.18479999999974306	0.6226241038584703	0.3156650129496364	3564.5857918013185	Edge2	1.0098433869454009	66.83184868406434	0.0	
818	3	531	163	3570.29809954928	0.5727672856769092	0.2315340909090909	0.21239999999992543	0.7851672856768346	0.3412331947678182	3571.0832668349567	Edge2	1.285861114218347	84.27907127726574	0.0	
824	1	793	853	3596.96799894374	1.226176376586	1.2116477272727273	0.3171999999999111	1.5433763765859112	0.01452864931327278	3598.511375320326	Edge2	2.587757477854694	165.66447688635512	0.0	
826	2	117	60	3599.12769167752	0.10685819476781823	0.08522727272727272	0.046800000000195116	0.15365819476801335	0.02163092204054551	3599.281349872288	Edge2	0.24850475058230695	16.493516968203785	0.0	
