Task_ID	Task_Type	Task_Lenght	TaskInputType	TaskStartTime	NetworkDelay	Uploading Delay	ExecutionDelay	ServiceTime	Downloading Delay	EndTime	offloadingPlace	IoTenergy	EdgeEnergy	CloudEnergy	
12	0	7788	1436	69.1666109645802	2.7095570584041817	2.24375	2.5960000000000085	5.30555705840419	0.46580705840418185	74.47216802298439	Edge	7.992402705127537	569.4931890920474	0.0	
29	0	3800	310	122.577149836979	1.942369558404182	0.484375	1.2666666666666646	3.2090362250708466	1.457994558404182	125.78618606204985	Edge	5.016265205127525	344.4547393628796	0.0	
36	0	6469	1562	139.28969080797	2.6158070584041817	2.440625	2.1563333333333268	4.7721403917375085	0.17518205840418186	144.0618311997075	Edge	7.2960527051275195	512.2367775087124	0.0	
38	0	11126	3603	153.55434388687	5.992369558404182	5.6296875	3.708666666666641	9.701036225070823	0.3626820584041819	163.2553801119408	Edge	15.236665205127498	1041.299527362877	0.0	
41	3	299	70	168.595885955577	0.12049455840418187	0.109375	0.09966666666667169	0.22016122507085356	0.01111955840418187	168.81604718064784	Edge	0.3364902051275334	23.63188573788035	0.0	
57	2	403	107	221.781433897132	0.17049455840418187	0.1671875	0.13433333333333525	0.3048278917375171	0.003307058404181871	222.0862617888695	Edge	0.4680902051275297	32.71992107121335	0.0	
64	0	7670	1938	253.088064881348	3.868932058404182	3.028125	2.5566666666667164	6.425598725070898	0.8408070584041819	259.5136636064189	Edge	10.032077705127588	689.7173415503852	0.0	
78	3	860	307	319.598876855415	1.248619558404182	0.4796875	0.2866666666666948	1.5352862250708768	0.7689320584041819	321.1341630804859	Edge	2.591515205127561	164.79608811288284	0.0	
84	3	491	16	327.990966403186	0.2970570584041819	0.025	0.16366666666662483	0.4607237250708067	0.2720570584041819	328.4516901282568	Edge	0.7311027051274772	49.453623925375325	0.0	
96	3	713	46	375.583984360077	0.27049455840418185	0.071875	0.23766666666662578	0.5081612250708076	0.19861955840418186	376.0921455851478	Edge	0.7720902051274783	54.54551773787542	0.0	
97	3	186	53	378.042120577335	0.08924455840418187	0.0828125	0.062000000000005176	0.15124455840418705	0.006432058404181871	378.1933651357392	Edge	0.23504020512753357	16.23443965454703	0.0	
103	0	2776	215	407.086861720346	1.598619558404182	0.3359375	0.9253333333333831	2.523952891737565	1.262682058404182	409.6108146120836	Edge	3.987915205127587	270.9185794462185	0.0	
106	1	5996	1994	410.508957173932	3.125182058404182	3.115625	1.9986666666667179	5.1238487250709	0.00955705840418187	415.6328058990029	Edge	8.02372770512759	549.9887983003853	0.0	
109	1	2210	903	431.560300559698	1.6001820584041817	1.4109375	0.7366666666666837	2.3368487250708654	0.18924455840418186	433.8971492847689	Edge	3.7643277051275477	250.83500530038162	0.0	
125	2	98	81	473.621962207813	0.13143205840418187	0.1265625	0.03266666666667578	0.16409872507085765	0.0048695584041818715	473.78606093288386	Edge	0.2757777051275383	17.614193050380788	0.0	
126	2	299	59	474.367826267943	0.10955705840418188	0.0921875	0.09966666666671715	0.20922372507089904	0.017369558404181872	474.5770499930139	Edge	0.31680270512758796	22.457865425385233	0.0	
127	3	278	24	475.570761496668	0.5204945584041819	0.0375	0.09266666666670076	0.6131612250708827	0.4829945584041819	476.1839227217389	Edge	1.0480902051275682	65.81611273788347	0.0	
141	0	1651	802	534.199833993908	1.3314320584041819	1.253125	0.5503333333333491	1.881765391737531	0.07830705840418188	536.0815993856455	Edge	3.0569777051275464	201.98681538371483	0.0	
142	0	5966	597	537.850468988964	1.8408070584041818	0.9328125	1.9886666666666022	3.829473725070784	0.9079945584041819	541.6799427140348	Edge	5.69985270512745	411.0518801753729	0.0	
148	0	4106	1519	586.490552750467	3.084557058404182	2.3734375	1.3686666666666882	4.45322372507087	0.7111195584041818	590.9437764755379	Edge	7.194602705127554	478.0045814253821	0.0	
152	0	1107	41	598.758333082658	0.5126820584041819	0.0640625	0.3689999999999988	0.8816820584041807	0.4486195584041819	599.6400151410622	Edge	1.365627705127526	94.63887046704635	0.0	
154	0	2119	650	600.475568008003	1.7158070584041818	1.015625	0.7063333333332755	2.4221403917374573	0.7001820584041819	602.8977083997405	Edge	3.936052705127458	259.9901275087069	0.0	
155	0	3718	379	604.380189170866	1.4361195584041817	0.5921875	1.239333333333382	2.6754528917375637	0.8439320584041818	607.0556420626035	Edge	4.072215205127586	287.1804379462184	0.0	
156	0	706	41	615.484150603201	0.2611195584041819	0.0640625	0.23533333333329454	0.4964528917374764	0.19705705840418186	615.9806034949385	Edge	0.7524152051274808	53.288756946208984	0.0	
160	0	6162	1256	635.09489882427	2.042369558404182	1.9625	2.053999999999967	4.096369558404149	0.07986955840418188	639.1912683826741	Edge	6.141065205127488	439.7002120295429	0.0	
163	0	8908	757	652.609654206071	2.629869558404182	1.1828125	2.969333333333309	5.599202891737491	1.447057058404182	658.2088570978085	Edge	8.2969652051275	601.0128391962105	0.0	
170	0	1195	258	669.389898783323	1.0861195584041818	0.403125	0.39833333333335097	1.4844528917375328	0.6829945584041819	670.8743516750606	Edge	2.4330152051275484	159.33968894621503	0.0	
193	0	4167	1279	767.297440650603	2.243932058404182	1.9984375	1.389000000000026	3.632932058404208	0.24549455840418186	770.9303727090072	Edge	5.705877705127559	389.9552942170493	0.0	
203	0	2442	520	794.244417213078	0.9939320584041819	0.8125	0.8139999999999806	1.8079320584041625	0.18143205840418186	796.0523492714822	Edge	2.765877705127504	194.06161921704438	0.0	
221	0	3642	717	866.966316673311	2.040807058404182	1.1203125	1.2139999999999578	3.2548070584041398	0.9204945584041818	870.2211237317151	Edge	5.130252705127477	349.36773484204195	0.0	
240	1	2442	656	950.183961951396	1.2642445584041817	1.025	0.8139999999999126	2.0782445584040943	0.23924455840418185	952.2622065098001	Edge	3.252440205127422	223.07669265453708	0.0	
243	0	7948	1301	965.232005433711	2.5689320584041817	2.0328125	2.6493333333332365	5.218265391737418	0.5361195584041819	970.4502708254485	Edge	7.80327770512741	560.1233888837028	0.0	
256	0	12904	3226	1022.4314543157	5.417369558404182	5.040625	4.301333333333439	9.718702891737621	0.37674455840418186	1032.1501572074376	Edge	14.912865205127655	1043.1958496962245	0.0	
258	0	3901	796	1032.2216775781	1.4501820584041818	1.24375	1.3003333333335538	2.7505153917377356	0.20643205840418186	1034.9721929698378	Edge	4.170727705127792	295.2375716337368	0.0	
261	0	4017	379	1048.06515183998	1.2767445584041819	0.5921875	1.3389999999998214	2.6157445584040033	0.6845570584041819	1050.680896398384	Edge	3.904940205127313	280.7714051545273	0.0	
263	0	10100	2860	1068.60408225128	4.887682058404182	4.46875	3.3666666666665312	8.254348725070713	0.41893205840418185	1076.8584309763507	Edge	12.837827705127365	886.0135378003653	0.0	
275	0	14440	2829	1113.68552186809	4.454869558404181	4.4203125	4.813333333333293	9.268202891737474	0.03455705840418187	1122.9537247598275	Edge	13.794765205127476	994.8396301962086	0.0	
280	2	320	123	1123.57446388467	0.1954945584041819	0.1921875	0.10666666666672214	0.30216122507090404	0.003307058404181871	1123.8766251097409	Edge	0.479890205127594	32.433683737885765	0.0	
284	0	4123	541	1131.33379701187	1.2501820584041818	0.8453125	1.3743333333335774	2.6245153917377593	0.4048695584041819	1133.9583124036078	Edge	3.89952770512782	281.71285763373936	0.0	
285	2	94	28	1148.73555422188	0.04705705840418187	0.04375	0.03133333333350283	0.0783903917376847	0.003307058404181871	1148.8139446136177	Edge	0.12230270512773075	8.414346258731337	0.0	
289	3	662	64	1174.20432310824	0.3033070584041819	0.1	0.22066666666643658	0.5239737250706185	0.20330705840418187	1174.7282968333107	Edge	0.8107527051272512	56.24281567535511	0.0	
293	0	5182	10	1183.06144031739	1.6204945584041819	0.015625	1.72733333333337	3.347827891737552	1.6048695584041819	1186.4092682091275	Edge	4.989690205127571	359.3524980712171	0.0	
298	0	7352	1815	1227.33199764837	2.925182058404182	2.8359375	2.4506666666667276	5.3758487250709095	0.08924455840418187	1232.7078463734408	Edge	8.2061277051276	577.0382263003863	0.0	
304	0	9054	2103	1255.03051644511	4.162682058404182	3.2859375	3.0180000000000904	7.1806820584042725	0.8767445584041819	1262.2111985035142	Edge	11.114427705127635	770.7672314670561	0.0	
320	2	309	170	1318.0913734654	0.2689320584041819	0.265625	0.10300000000017251	0.3719320584043544	0.003307058404181871	1318.4633055238044	Edge	0.6076777051277344	39.92281521706499	0.0	
322	0	5234	1030	1326.02715896777	2.142369558404182	1.609375	1.744666666666733	3.887036225070915	0.5329945584041819	1329.914195192841	Edge	5.949865205127606	417.23058136288694	0.0	
326	0	8106	945	1359.00545213096	2.584557058404182	1.4765625	2.7020000000000595	5.286557058404242	1.107994558404182	1364.2920091893643	Edge	7.8946027051276	567.4537480920529	0.0	
333	1	4889	3757	1376.92532823968	5.948619558404181	5.8703125	1.629666666666588	7.578286225070769	0.07830705840418188	1384.5036144647509	Edge	12.663115205127433	813.4456651128713	0.0	
337	0	3256	96	1392.95855196183	0.9376820584041818	0.15	1.0853333333335902	2.023015391737772	0.7876820584041818	1394.9815673535677	Edge	2.9902277051278356	217.1484491337407	0.0	
341	2	203	54	1420.76637649538	0.08924455840418188	0.084375	0.06766666666646204	0.15691122507064392	0.0048695584041818715	1420.9232877204506	Edge	0.24184020512728183	16.84269398785785	0.0	
352	3	77	65	1475.65537730488	0.19705705840418186	0.1015625	0.02566666666668216	0.22272372507086402	0.09549455840418188	1475.8781010299508	Edge	0.385502705127546	23.906941925381474	0.0	
360	0	10161	1782	1511.88778974635	3.1642445584041816	2.784375	3.386999999999869	6.551244558404051	0.37986955840418185	1518.4390343047542	Edge	9.760040205127371	703.2040396545324	0.0	
367	0	7136	1796	1546.84630537567	3.884557058404182	2.80625	2.3786666666667475	6.2632237250709295	1.078307058404182	1553.109529100741	Edge	9.846602705127625	672.2881714253884	0.0	
380	0	7941	1646	1589.054679006	2.628307058404182	2.571875	2.6470000000000415	5.275307058404223	0.05643205840418187	1594.3299860644042	Edge	7.907352705127577	566.2461843420509	0.0	
381	0	7213	1931	1603.68073393354	3.806432058404182	3.0171875	2.4043333333334136	6.210765391737596	0.7892445584041818	1609.8914993252777	Edge	9.736777705127624	666.6573463837218	0.0	
385	0	3382	485	1615.55413019275	1.306432058404182	0.7578125	1.12733333333337	2.433765391737552	0.5486195584041819	1617.9878955844877	Edge	3.7043777051275715	261.2379433837171	0.0	
389	0	1080	281	1627.30317833364	0.6126820584041819	0.4390625	0.360000000000007	0.9726820584041889	0.17361955840418186	1628.2758603920443	Edge	1.5348277051275359	104.40671946704722	0.0	
396	0	8326	2761	1650.40480499475	4.826744558404182	4.3140625	2.775333333333326	7.602077891737508	0.5126820584041819	1658.0068828864876	Edge	12.018540205127518	815.9994388212124	0.0	
399	3	75	4	1664.80822535008	0.15330705840418188	0.00625	0.025000000000061556	0.17830705840424343	0.14705705840418187	1664.9865324084842	Edge	0.30595270512760125	19.139301342053084	0.0	
404	0	4714	472	1681.3036028526	2.001744558404182	0.7375	1.57133333333333	3.573077891737512	1.264244558404182	1684.8766807443376	Edge	5.488740205127524	383.5306078212128	0.0	
409	2	207	71	1686.21726485803	0.12205705840418186	0.1109375	0.06900000000015798	0.19105705840433984	0.01111955840418187	1686.4083219164343	Edge	0.30250270512771693	20.507873592063433	0.0	
413	0	7820	496	1698.07921940038	3.739244558404182	0.775	2.6066666666667677	6.3459112250709495	2.964244558404182	1704.425130625451	Edge	9.85864020512765	681.1637649878907	0.0	
421	0	6004	772	1752.63172250056	1.7236195584041818	1.20625	2.0013333333333483	3.72495289173753	0.5173695584041819	1756.3566753922976	Edge	5.504115205127546	399.83271844621476	0.0	
432	2	716	216	1801.15834081344	0.3423695584041819	0.3375	0.23866666666669306	0.5810362250708749	0.0048695584041818715	1801.7393770385108	Edge	0.902665205127559	62.36784736288264	0.0	
437	0	7502	691	1821.6052801942	2.6720570584041816	1.0796875	2.500666666666728	5.1727237250709095	1.592369558404182	1826.778003919271	Edge	7.8105027051276	555.2349919253863	0.0	
449	0	1760	327	1848.92122451658	0.7814320584041818	0.5109375	0.586666666666513	1.3680987250706949	0.27049455840418185	1850.2893232416507	Edge	2.110577705127343	146.85034905036332	0.0	
451	2	1017	275	1861.86489016295	0.44236955840418185	0.4296875	0.3389999999999124	0.7813695584040943	0.01268205840418187	1862.646259721354	Edge	1.2030652051274222	83.87142702953707	0.0	
461	0	7479	873	1888.91918571913	2.184557058404182	1.3640625	2.492999999999909	4.677557058404091	0.8204945584041818	1893.596742777534	Edge	6.923802705127418	502.0842970920367	0.0	
464	0	3759	732	1909.02185470222	1.8314320584041819	1.14375	1.2529999999998087	3.0844320584039906	0.6876820584041818	1912.106286760624	Edge	4.8001777051272985	331.0798527170259	0.0	
465	2	219	92	1921.16620027728	0.14861955840418187	0.14375	0.07300000000001791	0.22161955840419978	0.0048695584041818715	1921.3878198356842	Edge	0.35511520512754885	23.7884217795484	0.0	
468	1	4873	2100	1947.92861894418	3.3345570584041817	3.28125	1.6243333333334866	4.958890391737668	0.053307058404181866	1952.8875093359177	Edge	7.951402705127712	532.2823357587296	0.0	
470	0	5115	496	1960.67758762505	1.5970570584041819	0.775	1.7050000000000343	3.302057058404216	0.8220570584041819	1963.9796446834541	Edge	4.920702705127569	354.43950259205013	0.0	
474	0	18266	2328	2002.73799760029	5.814244558404182	3.6375	6.088666666666784	11.902911225070966	2.176744558404182	2014.640908825361	Edge	17.772040205127666	1277.6465879878924	0.0	
488	0	11435	2666	2078.5825938023	4.182994558404182	4.165625	3.811666666666376	7.994661225070558	0.017369558404181872	2086.5772550273705	Edge	12.10339020512718	858.1389412378487	0.0	
492	0	3877	914	2087.19555997412	1.4408070584041819	1.428125	1.2923333333331972	2.733140391737379	0.01268205840418187	2089.9287003658574	Edge	4.144252705127364	293.37255650869855	0.0	
493	2	269	39	2096.10605056395	0.07205705840418186	0.0609375	0.089666666666533	0.16172372507071486	0.01111955840418187	2096.2677742890205	Edge	0.23730270512736695	17.359262925365464	0.0	
506	2	285	48	2156.17041456669	0.08143205840418187	0.075	0.09499999999967958	0.17643205840386145	0.006432058404181871	2156.346846625094	Edge	0.26057770512714284	18.938040717012083	0.0	
512	2	364	104	2163.26704565789	0.1658070584041819	0.1625	0.12133333333328453	0.2871403917374664	0.003307058404181871	2163.5541860496273	Edge	0.44405270512746886	30.821362508707907	0.0	
516	0	4171	645	2188.26832492516	1.8392445584041819	1.0078125	1.3903333333331536	3.2295778917373354	0.8314320584041819	2191.4979028168973	Edge	4.979040205127312	346.6596613211938	0.0	
522	0	3013	767	2209.60828928803	1.4767445584041818	1.1984375	1.0043333333334592	2.481077891737641	0.27830705840418185	2212.0893671797676	Edge	3.8633402051276784	266.31641982122665	0.0	
530	0	4585	417	2229.34265871723	2.515807058404182	0.6515625	1.5283333333333462	4.044140391737528	1.864244558404182	2233.3867991089674	Edge	6.362452705127543	434.0939855087145	0.0	
536	0	10751	1001	2262.61852816995	3.2970570584041816	1.5640625	3.583666666667039	6.8807237250712205	1.732994558404182	2269.499251895021	Edge	10.235102705127973	738.5700039254198	0.0	
541	0	5921	2220	2275.86822774883	3.554869558404182	3.46875	1.9736666666669112	5.528536225071093	0.08611955840418188	2281.396763973901	Edge	8.76716520512782	593.4275498629061	0.0	
548	2	964	399	2324.27716383456	0.6314320584041818	0.6234375	0.32133333333337555	0.9527653917375574	0.00799455840418187	2325.2299292262974	Edge	1.5221777051275778	102.26888438371766	0.0	
555	0	7203	525	2350.98442197422	2.726744558404182	0.8203125	2.4009999999999923	5.127744558404174	1.906432058404182	2356.112166532624	Edge	7.789340205127518	550.4069731545457	0.0	
567	0	7259	2225	2395.26308381509	4.665807058404182	3.4765625	2.41966666666646	7.085473725070642	1.189244558404182	2402.3485575401605	Edge	11.30205270512728	760.5476641753577	0.0	
571	0	2074	157	2411.55490803904	0.3501820584041819	0.2453125	0.6913333333332663	1.0415153917374482	0.10486955840418187	2412.5964234307776	Edge	1.4599277051274469	111.79522063370595	0.0	
579	1	3809	1419	2451.8956337741	2.272057058404182	2.2171875	1.2696666666666419	3.541723725070824	0.05486955840418187	2455.437357499171	Edge	5.613302705127498	380.1650829253772	0.0	
581	0	2566	138	2458.35334263825	1.014244558404182	0.215625	0.8553333333330262	1.8695778917372081	0.7986195584041819	2460.2229205299873	Edge	2.852040205127159	200.67862132118017	0.0	
585	0	17984	3911	2472.76364691452	6.509557058404182	6.1109375	5.994666666666733	12.504223725070915	0.39861955840418184	2485.267870639591	Edge	18.910802705127608	1342.190870425387	0.0	
587	0	7361	574	2488.34968501351	2.115807058404182	0.896875	2.4536666666668383	4.5694737250710205	1.218932058404182	2492.9191587385812	Edge	6.752852705127734	490.48274017539825	0.0	
607	0	8823	1563	2591.36907553693	2.790807058404182	2.4421875	2.940999999999592	5.731807058403774	0.34861955840418185	2597.1008825953336	Edge	8.552652705127038	615.2464378420027	0.0	
611	0	2798	144	2599.88135914463	0.8517445584041818	0.225	0.9326666666662893	1.7844112250704711	0.6267445584041819	2601.6657703697006	Edge	2.652340205127074	191.5369164878393	0.0	
612	0	2707	129	2610.57390594904	0.7954945584041818	0.2015625	0.9023333333335065	1.6978278917376883	0.5939320584041818	2612.271733840778	Edge	2.514690205127735	182.24314807123173	0.0	
626	3	65	64	2673.23944219663	0.23455705840418187	0.1	0.021666666666231044	0.2562237250704129	0.13455705840418186	2673.4956659217005	Edge	0.44820270512700466	27.50279842533305	0.0	
631	1	12790	3355	2681.19799172375	5.262682058404182	5.2421875	4.263333333333292	9.526015391737474	0.02049455840418187	2690.7240071154874	Edge	14.588827705127477	1022.5129661337087	0.0	
645	1	2560	876	2755.22767604963	1.4220570584041818	1.36875	0.8533333333336193	2.275390391737801	0.053307058404181866	2757.503066441368	Edge	3.5837027051278705	244.23812925874384	0.0	
648	2	283	93	2767.13486425995	0.15330705840418188	0.1453125	0.09433333333342278	0.24764039173760466	0.00799455840418187	2767.3825046516877	Edge	0.3891527051276347	26.581472008722745	0.0	
653	0	12269	1989	2790.34767598044	3.709557058404182	3.1078125	4.089666666666806	7.799223725070988	0.6017445584041818	2798.146899705511	Edge	11.584802705127695	837.1608754253947	0.0	
659	0	4292	1169	2800.72550026847	1.837682058404182	1.8265625	1.4306666666664274	3.2683487250706094	0.01111955840418187	2803.9938489935407	Edge	5.024627705127241	350.82128380035414	0.0	
669	0	4127	936	2855.79645415977	2.912682058404182	1.4625	1.3756666666668638	4.288348725071046	1.450182058404182	2860.084802884841	Edge	6.893627705127765	460.307063800401	0.0	
670	0	6457	1151	2861.50457402696	2.354869558404182	1.7984375	2.1523333333333245	4.507202891737506	0.5564320584041819	2866.0117769186977	Edge	6.821565205127516	483.7986511962122	0.0	
677	0	5130	1017	2877.12006541965	2.470494558404182	1.5890625	1.7100000000002797	4.180494558404462	0.8814320584041818	2881.3005599780545	Edge	6.498890205127864	448.73010540457653	0.0	
686	0	18696	2741	2938.14945778496	6.904869558404182	4.2828125	6.232000000000032	13.136869558404214	2.622057058404182	2951.286327343364	Edge	19.907165205127566	1410.09844152955	0.0	
691	2	978	351	2978.53108968385	0.5642445584041819	0.5484375	0.3260000000002653	0.8902445584044472	0.01580705840418187	2979.4213342422545	Edge	1.4068402051278457	95.55796065457496	0.0	
697	0	4679	917	2986.42019843273	1.9111195584041818	1.4328125	1.5596666666665149	3.4707862250706967	0.47830705840418186	2989.890984657801	Edge	5.311615205127345	372.5507226128635	0.0	
699	0	5428	49	2990.54018886998	1.840807058404182	0.0765625	1.8093333333331134	3.6501403917372954	1.764244558404182	2994.190329261717	Edge	5.484652705127264	391.8024195086895	0.0	
704	0	9648	2520	3021.42228449462	3.979869558404182	3.9375	3.215999999999774	7.195869558403956	0.04236955840418187	3028.6181540530238	Edge	11.022965205127257	772.3974425295222	0.0	
708	0	5789	1840	3054.92179878535	3.276744558404182	2.875	1.9296666666667694	5.206411225070951	0.4017445584041819	3060.128210010421	Edge	8.21374020512765	558.8509744878909	0.0	
716	2	286	98	3098.4802109959	0.1642445584041819	0.153125	0.0953333333328989	0.2595778917370808	0.01111955840418187	3098.739788887637	Edge	0.4100402051270061	27.862831321166514	0.0	
719	0	3362	109	3114.83897110635	1.1861195584041822	0.1703125	1.1206666666667546	2.306786225070937	1.015807058404182	3117.145757331421	Edge	3.4798152051276334	247.6081266128893	0.0	
721	0	7109	1324	3120.78412664164	3.328307058404182	2.06875	2.369666666666187	5.697973725070369	1.259557058404182	3126.4821003667103	Edge	8.834552705126953	611.6148016753284	0.0	
729	0	5904	1661	3167.94317977338	2.7408070584041817	2.5953125	1.967999999999909	4.708807058404091	0.14549455840418185	3172.651986831784	Edge	7.295052705127418	505.4386408420367	0.0	
731	2	75	7	3172.81688734773	0.02049455840418187	0.0109375	0.025000000000061563	0.045494558404243435	0.00955705840418187	3172.862381906134	Edge	0.06689020512760124	4.883340404553086	0.0	
744	2	24	175	3243.82632416479	0.2767445584041819	0.2734375	25.302182891699765	25.578927450103947	0.003307058404181871	3269.405251614894	Edge	30.860759675167245	2745.6164935667075	0.0	
751	3	956	170	3269.13631955649	1.0314320584041818	0.265625	0.3186666666667113	1.3500987250708931	0.7658070584041818	3270.486418281561	Edge	2.238977705127581	144.9182470503846	0.0	
754	0	5645	1213	3277.62443884645	2.400182058404182	1.8953125	1.8816666666664492	4.281848725070631	0.5048695584041819	3281.906287571521	Edge	6.578327705127267	459.60936030035646	0.0	
760	2	484	127	3293.06157001144	0.20174455840418187	0.1984375	0.161333333333521	0.3630778917377029	0.003307058404181871	3293.4246479031776	Edge	0.5567402051277526	38.972417821233286	0.0	
765	0	12272	3027	3319.55090797062	5.379869558404182	4.7296875	4.090666666666464	9.470536225070646	0.6501820584041819	3329.0214441956905	Edge	14.592565205127283	1016.557887862858	0.0	
772	2	73	17	3366.40261878486	0.03143205840418187	0.0265625	0.024333333333440982	0.05576539173762285	0.0048695584041818715	3366.4583841765975	Edge	0.08577770512765653	5.985801383724699	0.0	
775	0	6356	89	3395.28168266999	3.609557058404182	0.1390625	2.118666666666438	5.72822372507062	3.470494558404182	3401.0099063950606	Edge	9.039602705127253	614.8618064253553	0.0	
777	0	2281	102	3410.51549162702	1.1267445584041818	0.159375	0.7603333333334084	1.88707789173759	0.9673695584041818	3412.4025695187574	Edge	2.940540205127617	202.5570538212212	0.0	
785	0	2091	89	3438.55739746801	1.148619558404182	0.1390625	0.696999999999814	1.845619558403996	1.009557058404182	3440.403017026414	Edge	2.9039152051273045	198.10695777952654	0.0	
788	0	4987	1175	3452.07988713349	2.267369558404182	1.8359375	1.662333333332997	3.929702891737179	0.43143205840418186	3456.009590025227	Edge	6.076065205127124	421.81037869617705	0.0	
791	0	4506	1138	3461.76882002754	1.8861195584041819	1.778125	1.5019999999998324	3.3881195584040142	0.10799455840418187	3465.156939585944	Edge	5.197415205127326	363.6773652795285	0.0	
793	2	280	80	3465.26247354895	0.12830705840418188	0.125	0.0933333333331281	0.22164039173730998	0.003307058404181871	3465.484113940687	Edge	0.3429527051272811	23.790658008691118	0.0	
795	0	5434	1528	3467.4457045772	2.561119558404182	2.3875	1.811333333333157	4.372452891737339	0.17361955840418186	3471.8181574689374	Edge	6.783615205127316	469.33472094619424	0.0	
803	0	4650	1074	3506.94668485959	2.314244558404182	1.678125	1.5499999999999705	3.8642445584041525	0.6361195584041819	3510.810929417994	Edge	6.025640205127493	414.7841466545433	0.0	
807	0	10715	2892	3521.38400312847	5.597057058404182	4.51875	3.571666666667049	9.168723725071231	1.078307058404182	3530.552726853541	Edge	14.360702705127988	984.1616359254209	0.0	
823	0	7252	1622	3590.42531000678	2.7204945584041815	2.534375	2.4173333333335614	5.137827891737743	0.18611955840418187	3595.5631378985177	Edge	7.7976902051278	551.4893080712376	0.0	
